1.66015625
1.669921875
1.66015625
1.66015625
1.645507813
1.640625
1.640625
1.630859375
1.625976563
1.630859375
1.616210938
1.616210938
1.616210938
1.6015625
1.611328125
1.606445313
1.611328125
1.616210938
1.611328125
1.640625
1.640625
1.640625
1.650390625
1.650390625
1.650390625
1.650390625
1.635742188
1.640625
1.640625
1.630859375
1.635742188
1.625976563
1.625976563
1.616210938
1.606445313
1.606445313
1.596679688
1.596679688
1.6015625
1.596679688
1.606445313
1.611328125
1.606445313
1.62109375
1.616210938
1.616210938
1.606445313
1.596679688
1.596679688
1.591796875
1.586914063
1.591796875
1.58203125
1.596679688
1.6015625
1.606445313
1.616210938
1.616210938
1.62109375
1.611328125
1.606445313
1.625976563
1.611328125
1.6015625
1.616210938
1.591796875
1.606445313
1.606445313
1.591796875
1.625976563
1.630859375
1.655273438
1.674804688
1.6796875
1.704101563
1.708984375
1.713867188
1.713867188
1.694335938
1.689453125
1.684570313
1.669921875
1.669921875
1.665039063
1.6796875
1.694335938
1.713867188
1.748046875
1.77734375
1.796875
1.831054688
1.8359375
1.85546875
1.870117188
1.845703125
1.845703125
1.821289063
1.791992188
1.767578125
1.723632813
1.713867188
1.6796875
1.655273438
1.640625
1.606445313
1.596679688
1.58203125
1.572265625
1.577148438
1.557617188
1.567382813
1.572265625
1.572265625
1.6015625
1.616210938
1.635742188
1.669921875
1.6796875
1.704101563
1.713867188
1.71875
1.723632813
1.723632813
1.71875
1.713867188
1.69921875
1.704101563
1.684570313
1.6796875
1.669921875
1.655273438
1.645507813
1.645507813
1.635742188
1.635742188
1.625976563
1.625976563
1.635742188
1.611328125
1.616210938
1.606445313
1.591796875
1.586914063
1.577148438
1.586914063
1.591796875
1.58203125
1.6015625
1.596679688
1.611328125
1.625976563
1.630859375
1.655273438
1.650390625
1.66015625
1.669921875
1.66015625
1.66015625
1.66015625
1.655273438
1.66015625
1.645507813
1.635742188
1.640625
1.635742188
1.650390625
1.645507813
1.635742188
1.645507813
1.630859375
1.625976563
1.611328125
1.6015625
1.611328125
1.616210938
1.625976563
1.640625
1.625976563
1.635742188
1.635742188
1.635742188
1.645507813
1.635742188
1.640625
1.645507813
1.640625
1.66015625
1.66015625
1.655273438
1.665039063
1.655273438
1.665039063
1.669921875
1.674804688
1.6796875
1.694335938
1.69921875
1.704101563
1.689453125
1.704101563
1.694335938
1.694335938
1.69921875
1.6796875
1.689453125
1.6796875
1.669921875
1.674804688
1.669921875
1.669921875
1.669921875
1.650390625
1.665039063
1.66015625
1.650390625
1.66015625
1.650390625
1.655273438
1.655273438
1.650390625
1.66015625
1.655273438
1.650390625
1.66015625
1.650390625
1.66015625
1.650390625
1.645507813
1.655273438
1.640625
1.640625
1.635742188
1.62109375
1.62109375
1.625976563
1.62109375
1.625976563
1.625976563
1.630859375
1.630859375
1.625976563
1.635742188
1.630859375
1.640625
1.650390625
1.645507813
1.66015625
1.66015625
1.655273438
1.66015625
1.655273438
1.650390625
1.640625
1.630859375
1.635742188
1.630859375
1.630859375
1.630859375
1.62109375
1.640625
1.625976563
1.635742188
1.640625
1.625976563
1.630859375
1.625976563
1.611328125
1.625976563
1.616210938
1.616210938
1.62109375
1.611328125
1.62109375
1.616210938
1.62109375
1.630859375
1.62109375
1.630859375
1.625976563
1.630859375
1.630859375
1.625976563
1.62109375
1.616210938
1.606445313
1.625976563
1.62109375
1.62109375
1.640625
1.625976563
1.640625
1.650390625
1.655273438
1.6796875
1.689453125
1.704101563
1.708984375
1.713867188
1.73828125
1.73828125
1.728515625
1.73828125
1.73828125
1.743164063
1.73828125
1.73828125
1.733398438
1.723632813
1.733398438
1.723632813
1.708984375
1.713867188
1.694335938
1.689453125
1.6796875
1.669921875
1.6796875
1.6796875
1.674804688
1.694335938
1.684570313
1.684570313
1.674804688
1.665039063
1.674804688
1.665039063
1.665039063
1.669921875
1.66015625
1.669921875
1.684570313
1.6796875
1.694335938
1.689453125
1.694335938
1.69921875
1.694335938
1.69921875
1.694335938
1.6796875
1.674804688
1.674804688
1.665039063
1.665039063
1.645507813
1.650390625
1.645507813
1.640625
1.650390625
1.630859375
1.640625
1.625976563
1.62109375
1.635742188
1.635742188
1.645507813
1.655273438
1.645507813
1.66015625
1.650390625
1.645507813
1.645507813
1.640625
1.635742188
1.635742188
1.625976563
1.635742188
1.630859375
1.640625
1.635742188
1.625976563
1.640625
1.630859375
1.635742188
1.625976563
1.630859375
1.635742188
1.645507813
1.650390625
1.655273438
1.645507813
1.66015625
1.66015625
1.650390625
1.665039063
1.66015625
1.665039063
1.66015625
1.645507813
1.650390625
1.650390625
1.635742188
1.640625
1.625976563
1.62109375
1.62109375
1.611328125
1.611328125
1.606445313
1.606445313
1.611328125
1.596679688
1.62109375
1.630859375
1.640625
1.655273438
1.665039063
1.684570313
1.694335938
1.694335938
1.71875
1.728515625
1.73828125
1.752929688
1.748046875
1.762695313
1.762695313
1.7578125
1.762695313
1.762695313
1.767578125
1.767578125
1.7578125
1.752929688
1.748046875
1.743164063
1.73828125
1.733398438
1.728515625
1.733398438
1.71875
1.71875
1.708984375
1.708984375
1.704101563
1.69921875
1.704101563
1.694335938
1.684570313
1.689453125
1.674804688
1.689453125
1.684570313
1.684570313
1.694335938
1.694335938
1.684570313
1.694335938
1.684570313
1.689453125
1.684570313
1.684570313
1.684570313
1.674804688
1.684570313
1.6796875
1.674804688
1.6796875
1.674804688
1.674804688
1.665039063
1.650390625
1.665039063
1.655273438
1.640625
1.650390625
1.645507813
1.650390625
1.650390625
1.645507813
1.66015625
1.650390625
1.650390625
1.650390625
1.635742188
1.640625
1.635742188
1.630859375
1.635742188
1.630859375
1.630859375
1.635742188
1.625976563
1.635742188
1.62109375
1.625976563
1.630859375
1.62109375
1.630859375
1.625976563
1.616210938
1.630859375
1.62109375
1.625976563
1.62109375
1.611328125
1.62109375
1.611328125
1.611328125
1.616210938
1.616210938
1.62109375
1.611328125
1.611328125
1.616210938
1.616210938
1.611328125
1.616210938
1.6015625
1.611328125
1.606445313
1.596679688
1.611328125
1.596679688
1.611328125
1.606445313
1.606445313
1.616210938
1.62109375
1.611328125
1.62109375
1.62109375
1.62109375
1.616210938
1.62109375
1.62109375
1.611328125
1.616210938
1.62109375
1.616210938
1.62109375
1.625976563
1.635742188
1.645507813
1.640625
1.665039063
1.669921875
1.6796875
1.689453125
1.689453125
1.704101563
1.704101563
1.704101563
1.71875
1.704101563
1.694335938
1.708984375
1.684570313
1.689453125
1.6796875
1.6796875
1.674804688
1.674804688
1.6796875
1.6796875
1.66015625
1.665039063
1.655273438
1.645507813
1.640625
1.625976563
1.640625
1.630859375
1.625976563
1.625976563
1.635742188
1.640625
1.645507813
1.650390625
1.655273438
1.665039063
1.665039063
1.6796875
1.6796875
1.694335938
1.694335938
1.684570313
1.694335938
1.684570313
1.6796875
1.674804688
1.650390625
1.66015625
1.635742188
1.640625
1.635742188
1.630859375
1.635742188
1.635742188
1.625976563
1.625976563
1.62109375
1.625976563
1.62109375
1.62109375
1.635742188
1.625976563
1.616210938
1.630859375
1.62109375
1.625976563
1.635742188
1.616210938
1.630859375
1.630859375
1.630859375
1.635742188
1.630859375
1.630859375
1.611328125
1.606445313
1.6015625
1.586914063
1.591796875
1.586914063
1.586914063
1.591796875
1.596679688
1.596679688
1.606445313
1.606445313
1.625976563
1.62109375
1.630859375
1.640625
1.635742188
1.640625
1.635742188
1.625976563
1.630859375
1.630859375
1.62109375
1.62109375
1.606445313
1.616210938
1.616210938
1.606445313
1.616210938
1.6015625
1.611328125
1.606445313
1.606445313
1.6015625
1.6015625
1.596679688
1.6015625
1.6015625
1.616210938
1.62109375
1.625976563
1.635742188
1.635742188
1.655273438
1.655273438
1.665039063
1.665039063
1.6796875
1.6796875
1.684570313
1.6796875
1.6796875
1.684570313
1.6796875
1.684570313
1.6796875
1.684570313
1.689453125
1.674804688
1.6796875
1.6796875
1.669921875
1.669921875
1.655273438
1.655273438
1.640625
1.625976563
1.640625
1.640625
1.640625
1.635742188
1.635742188
1.645507813
1.645507813
1.66015625
1.655273438
1.645507813
1.645507813
1.645507813
1.645507813
1.655273438
1.650390625
1.645507813
1.645507813
1.645507813
1.655273438
1.645507813
1.650390625
1.645507813
1.630859375
1.630859375
1.62109375
1.606445313
1.6015625
1.591796875
1.596679688
1.606445313
1.606445313
1.616210938
1.625976563
1.62109375
1.635742188
1.630859375
1.640625
1.645507813
1.640625
1.635742188
1.640625
1.645507813
1.645507813
1.635742188
1.640625
1.625976563
1.630859375
1.625976563
1.62109375
1.616210938
1.630859375
1.625976563
1.635742188
1.635742188
1.635742188
1.650390625
1.635742188
1.650390625
1.635742188
1.630859375
1.635742188
1.62109375
1.62109375
1.625976563
1.625976563
1.645507813
1.645507813
1.665039063
1.665039063
1.665039063
1.684570313
1.689453125
1.69921875
1.708984375
1.713867188
1.733398438
1.733398438
1.73828125
1.748046875
1.73828125
1.743164063
1.743164063
1.733398438
1.733398438
1.728515625
1.708984375
1.708984375
1.69921875
1.694335938
1.694335938
1.689453125
1.689453125
1.69921875
1.684570313
1.689453125
1.684570313
1.684570313
1.665039063
1.669921875
1.66015625
1.645507813
1.655273438
1.66015625
1.66015625
1.669921875
1.669921875
1.684570313
1.69921875
1.689453125
1.704101563
1.69921875
1.704101563
1.71875
1.713867188
1.708984375
1.704101563
1.689453125
1.694335938
1.684570313
1.674804688
1.6796875
1.665039063
1.669921875
1.665039063
1.655273438
1.650390625
1.645507813
1.645507813
1.66015625
1.655273438
1.665039063
1.66015625
1.66015625
1.665039063
1.655273438
1.66015625
1.66015625
1.655273438
1.66015625
1.645507813
1.645507813
1.645507813
1.635742188
1.655273438
1.650390625
1.650390625
1.650390625
1.635742188
1.630859375
1.625976563
1.62109375
1.62109375
1.625976563
1.635742188
1.635742188
1.640625
1.665039063
1.665039063
1.684570313
1.69921875
1.704101563
1.733398438
1.748046875
1.767578125
1.791992188
1.801757813
1.811523438
1.831054688
1.81640625
1.831054688
1.8359375
1.845703125
1.850585938
1.850585938
1.860351563
1.845703125
1.845703125
1.845703125
1.8359375
1.8359375
1.821289063
1.806640625
1.801757813
1.791992188
1.791992188
1.782226563
1.77734375
1.787109375
1.787109375
1.772460938
1.772460938
1.767578125
1.752929688
1.7578125
1.752929688
1.762695313
1.7578125
1.7578125
1.752929688
1.743164063
1.748046875
1.748046875
1.728515625
1.728515625
1.71875
1.71875
1.723632813
1.708984375
1.708984375
1.69921875
1.674804688
1.694335938
1.689453125
1.694335938
1.694335938
1.689453125
1.69921875
1.694335938
1.694335938
1.69921875
1.684570313
1.694335938
1.6796875
1.6796875
1.6796875
1.674804688
1.674804688
1.669921875
1.669921875
1.665039063
1.650390625
1.645507813
1.655273438
1.645507813
1.645507813
1.645507813
1.640625
1.650390625
1.655273438
1.650390625
1.665039063
1.655273438
1.655273438
1.66015625
1.650390625
1.640625
1.640625
1.640625
1.630859375
1.625976563
1.630859375
1.62109375
1.630859375
1.625976563
1.62109375
1.62109375
1.616210938
1.616210938
1.616210938
1.616210938
1.616210938
1.616210938
1.606445313
1.616210938
1.606445313
1.606445313
1.616210938
1.611328125
1.62109375
1.616210938
1.62109375
1.62109375
1.616210938
1.616210938
1.611328125
1.606445313
1.62109375
1.606445313
1.611328125
1.6015625
1.606445313
1.606445313
1.611328125
1.606445313
1.6015625
1.606445313
1.611328125
1.606445313
1.6015625
1.611328125
1.606445313
1.606445313
1.606445313
1.596679688
1.611328125
1.6015625
1.596679688
1.596679688
1.591796875
1.606445313
1.62109375
1.645507813
1.674804688
1.6796875
1.708984375
1.73828125
1.733398438
1.748046875
1.748046875
1.7578125
1.767578125
1.77734375
1.782226563
1.796875
1.782226563
1.787109375
1.782226563
1.77734375
1.782226563
1.762695313
1.762695313
1.7578125
1.752929688
1.743164063
1.728515625
1.728515625
1.71875
1.704101563
1.704101563
1.69921875
1.694335938
1.689453125
1.669921875
1.674804688
1.674804688
1.665039063
1.665039063
1.665039063
1.665039063
1.669921875
1.665039063
1.669921875
1.665039063
1.665039063
1.66015625
1.655273438
1.645507813
1.640625
1.635742188
1.630859375
1.635742188
1.640625
1.655273438
1.655273438
1.665039063
1.66015625
1.665039063
1.674804688
1.665039063
1.665039063
1.655273438
1.645507813
1.635742188
1.62109375
1.62109375
1.625976563
1.616210938
1.625976563
1.62109375
1.616210938
1.625976563
1.606445313
1.611328125
1.625976563
1.625976563
1.635742188
1.625976563
1.635742188
1.640625
1.62109375
1.630859375
1.635742188
1.625976563
1.630859375
1.630859375
1.630859375
1.630859375
1.62109375
1.625976563
1.62109375
1.611328125
1.616210938
1.591796875
1.591796875
1.58203125
1.577148438
1.586914063
1.591796875
1.586914063
1.586914063
1.591796875
1.6015625
1.596679688
1.611328125
1.616210938
1.62109375
1.630859375
1.635742188
1.630859375
1.645507813
1.635742188
1.635742188
1.640625
1.616210938
1.630859375
1.62109375
1.62109375
1.625976563
1.611328125
1.611328125
1.606445313
1.606445313
1.6015625
1.591796875
1.586914063
1.591796875
1.591796875
1.606445313
1.611328125
1.62109375
1.650390625
1.645507813
1.669921875
1.6796875
1.674804688
1.689453125
1.689453125
1.694335938
1.69921875
1.689453125
1.713867188
1.708984375
1.71875
1.723632813
1.71875
1.728515625
1.713867188
1.704101563
1.69921875
1.69921875
1.689453125
1.694335938
1.674804688
1.684570313
1.669921875
1.66015625
1.669921875
1.640625
1.650390625
1.645507813
1.640625
1.650390625
1.645507813
1.650390625
1.640625
1.630859375
1.640625
1.645507813
1.640625
1.650390625
1.645507813
1.650390625
1.640625
1.635742188
1.645507813
1.640625
1.640625
1.630859375
1.62109375
1.630859375
1.625976563
1.630859375
1.625976563
1.625976563
1.630859375
1.635742188
1.625976563
1.640625
1.635742188
1.62109375
1.630859375
1.616210938
1.611328125
1.6015625
1.596679688
1.596679688
1.6015625
1.606445313
1.596679688
1.596679688
1.606445313
1.611328125
1.616210938
1.62109375
1.6015625
1.625976563
1.630859375
1.640625
1.655273438
1.650390625
1.665039063
1.665039063
1.650390625
1.650390625
1.645507813
1.640625
1.640625
1.62109375
1.616210938
1.596679688
1.5625
1.58203125
1.577148438
1.586914063
1.586914063
1.58203125
1.616210938
1.62109375
1.62109375
1.625976563
1.62109375
1.630859375
1.630859375
1.630859375
1.635742188
1.606445313
1.611328125
1.606445313
1.596679688
1.606445313
1.611328125
1.611328125
1.616210938
1.611328125
1.625976563
1.616210938
1.596679688
1.611328125
1.606445313
1.611328125
1.625976563
1.625976563
1.645507813
1.66015625
1.6796875
1.713867188
1.71875
1.748046875
1.7578125
1.762695313
1.77734375
1.772460938
1.762695313
1.772460938
1.752929688
1.752929688
1.733398438
1.728515625
1.728515625
1.71875
1.71875
1.713867188
1.708984375
1.708984375
1.704101563
1.689453125
1.694335938
1.674804688
1.684570313
1.704101563
1.704101563
1.71875
1.713867188
1.728515625
1.728515625
1.728515625
1.733398438
1.723632813
1.713867188
1.71875
1.708984375
1.708984375
1.704101563
1.694335938
1.689453125
1.674804688
1.674804688
1.674804688
1.665039063
1.674804688
1.669921875
1.674804688
1.6796875
1.669921875
1.689453125
1.674804688
1.66015625
1.66015625
1.655273438
1.66015625
1.66015625
1.650390625
1.66015625
1.650390625
1.650390625
1.655273438
1.640625
1.650390625
1.645507813
1.611328125
1.640625
1.640625
1.640625
1.630859375
1.616210938
1.625976563
1.625976563
1.616210938
1.62109375
1.616210938
1.62109375
1.616210938
1.616210938
1.616210938
1.616210938
1.62109375
1.62109375
1.616210938
1.630859375
1.635742188
1.635742188
1.640625
1.630859375
1.635742188
1.616210938
1.625976563
1.630859375
1.616210938
1.625976563
1.630859375
1.611328125
1.625976563
1.616210938
1.616210938
1.630859375
1.625976563
1.635742188
1.635742188
1.630859375
1.630859375
1.630859375
1.625976563
1.625976563
1.611328125
1.62109375
1.616210938
1.616210938
1.62109375
1.611328125
1.616210938
1.606445313
1.596679688
1.6015625
1.591796875
1.591796875
1.596679688
1.577148438
1.591796875
1.58203125
1.586914063
1.6015625
1.591796875
1.616210938
1.62109375
1.62109375
1.650390625
1.674804688
1.694335938
1.713867188
1.71875
1.748046875
1.772460938
1.772460938
1.787109375
1.787109375
1.806640625
1.796875
1.796875
1.796875
1.791992188
1.796875
1.782226563
1.77734375
1.787109375
1.782226563
1.787109375
1.791992188
1.787109375
1.796875
1.791992188
1.77734375
1.77734375
1.762695313
1.752929688
1.7578125
1.743164063
1.743164063
1.743164063
1.733398438
1.73828125
1.728515625
1.743164063
1.733398438
1.71875
1.728515625
1.728515625
1.713867188
1.708984375
1.684570313
1.689453125
1.684570313
1.694335938
1.69921875
1.684570313
1.694335938
1.69921875
1.6796875
1.689453125
1.689453125
1.684570313
1.689453125
1.6796875
1.684570313
1.6796875
1.66015625
1.669921875
1.665039063
1.655273438
1.66015625
1.655273438
1.665039063
1.655273438
1.645507813
1.640625
1.62109375
1.635742188
1.635742188
1.630859375
1.635742188
1.625976563
1.630859375
1.630859375
1.625976563
1.635742188
1.62109375
1.606445313
1.611328125
1.6015625
1.616210938
1.630859375
1.625976563
1.630859375
1.635742188
1.635742188
1.650390625
1.625976563
1.635742188
1.62109375
1.62109375
1.62109375
1.62109375
1.62109375
1.616210938
1.611328125
1.616210938
1.611328125
1.611328125
1.625976563
1.616210938
1.625976563
1.616210938
1.611328125
1.62109375
1.611328125
1.606445313
1.611328125
1.606445313
1.606445313
1.596679688
1.6015625
1.6015625
1.591796875
1.6015625
1.586914063
1.616210938
1.58203125
1.572265625
1.591796875
1.586914063
1.586914063
1.606445313
1.611328125
1.62109375
1.630859375
1.630859375
1.66015625
1.674804688
1.684570313
1.713867188
1.713867188
1.728515625
1.73828125
1.733398438
1.743164063
1.748046875
1.748046875
1.762695313
1.752929688
1.767578125
1.767578125
1.7578125
1.767578125
1.7578125
1.748046875
1.733398438
1.71875
1.723632813
1.704101563
1.694335938
1.674804688
1.66015625
1.655273438
1.640625
1.650390625
1.674804688
1.6796875
1.689453125
1.704101563
1.704101563
1.71875
1.708984375
1.704101563
1.708984375
1.684570313
1.689453125
1.684570313
1.66015625
1.669921875
1.655273438
1.650390625
1.655273438
1.640625
1.645507813
1.640625
1.630859375
1.635742188
1.611328125
1.611328125
1.606445313
1.586914063
1.6015625
1.606445313
1.616210938
1.630859375
1.630859375
1.650390625
1.650390625
1.645507813
1.645507813
1.630859375
1.640625
1.635742188
1.625976563
1.635742188
1.630859375
1.625976563
1.625976563
1.611328125
1.62109375
1.616210938
1.611328125
1.616210938
1.611328125
1.611328125
1.606445313
1.596679688
1.6015625
1.596679688
1.606445313
1.62109375
1.611328125
1.640625
1.645507813
1.704101563
1.694335938
1.704101563
1.728515625
1.748046875
1.752929688
1.782226563
1.787109375
1.791992188
1.811523438
1.81640625
1.840820313
1.831054688
1.826171875
1.8359375
1.81640625
1.81640625
1.811523438
1.787109375
1.787109375
1.782226563
1.767578125
1.752929688
1.733398438
1.73828125
1.71875
1.69921875
1.704101563
1.694335938
1.694335938
1.689453125
1.6796875
1.689453125
1.689453125
1.689453125
1.694335938
1.689453125
1.69921875
1.694335938
1.689453125
1.694335938
1.694335938
1.689453125
1.684570313
1.669921875
1.6796875
1.665039063
1.655273438
1.66015625
1.640625
1.645507813
1.640625
1.625976563
1.635742188
1.630859375
1.625976563
1.630859375
1.62109375
1.630859375
1.625976563
1.62109375
1.635742188
1.616210938
1.630859375
1.62109375
1.616210938
1.625976563
1.611328125
1.616210938
1.62109375
1.616210938
1.625976563
1.62109375
1.6015625
1.606445313
1.591796875
1.596679688
1.586914063
1.577148438
1.586914063
1.596679688
1.6015625
1.62109375
1.616210938
1.630859375
1.62109375
1.611328125
1.62109375
1.6015625
1.596679688
1.586914063
1.572265625
1.577148438
1.567382813
1.567382813
1.572265625
1.5625
1.58203125
1.572265625
1.58203125
1.6015625
1.6015625
1.606445313
1.611328125
1.606445313
1.616210938
1.606445313
1.606445313
1.606445313
1.591796875
1.606445313
1.591796875
1.596679688
1.591796875
1.58203125
1.586914063
1.58203125
1.567382813
1.58203125
1.572265625
1.567382813
1.58203125
1.572265625
1.591796875
1.586914063
1.577148438
1.591796875
1.58203125
1.596679688
1.591796875
1.58203125
1.596679688
1.596679688
1.611328125
1.625976563
1.635742188
1.665039063
1.6796875
1.69921875
1.728515625
1.748046875
1.782226563
1.806640625
1.806640625
1.845703125
1.850585938
1.850585938
1.865234375
1.85546875
1.865234375
1.865234375
1.850585938
1.860351563
1.845703125
1.8359375
1.840820313
1.81640625
1.826171875
1.811523438
1.791992188
1.791992188
1.772460938
1.7578125
1.752929688
1.743164063
1.748046875
1.73828125
1.743164063
1.748046875
1.748046875
1.762695313
1.752929688
1.752929688
1.7578125
1.73828125
1.733398438
1.723632813
1.69921875
1.713867188
1.704101563
1.69921875
1.69921875
1.689453125
1.694335938
1.694335938
1.713867188
1.694335938
1.689453125
1.684570313
1.684570313
1.674804688
1.684570313
1.674804688
1.669921875
1.684570313
1.665039063
1.674804688
1.6796875
1.674804688
1.694335938
1.684570313
1.684570313
1.689453125
1.669921875
1.669921875
1.66015625
1.640625
1.645507813
1.62109375
1.611328125
1.6015625
1.58203125
1.586914063
1.572265625
1.58203125
1.586914063
1.577148438
1.6015625
1.606445313
1.62109375
1.640625
1.640625
1.650390625
1.645507813
1.645507813
1.655273438
1.630859375
1.635742188
1.625976563
1.6015625
1.616210938
1.606445313
1.586914063
1.58203125
1.572265625
1.577148438
1.572265625
1.577148438
1.58203125
1.572265625
1.577148438
1.58203125
1.572265625
1.596679688
1.586914063
1.591796875
1.6015625
1.591796875
1.611328125
1.62109375
1.611328125
1.616210938
1.6015625
1.6015625
1.606445313
1.596679688
1.606445313
1.6015625
1.591796875
1.596679688
1.58203125
1.586914063
1.586914063
1.572265625
1.591796875
1.58203125
1.596679688
1.616210938
1.62109375
1.66015625
1.6796875
1.71875
1.767578125
1.791992188
1.831054688
1.860351563
1.879882813
1.9140625
1.9140625
1.928710938
1.938476563
1.923828125
1.928710938
1.9140625
1.899414063
1.884765625
1.860351563
1.8359375
1.831054688
1.811523438
1.821289063
1.81640625
1.811523438
1.81640625
1.791992188
1.796875
1.787109375
1.787109375
1.787109375
1.782226563
1.772460938
1.772460938
1.767578125
1.782226563
1.767578125
1.7578125
1.767578125
1.743164063
1.748046875
1.73828125
1.733398438
1.743164063
1.743164063
1.752929688
1.752929688
1.743164063
1.767578125
1.748046875
1.752929688
1.748046875
1.728515625
1.728515625
1.713867188
1.694335938
1.694335938
1.669921875
1.669921875
1.669921875
1.645507813
1.66015625
1.645507813
1.635742188
1.640625
1.630859375
1.645507813
1.645507813
1.640625
1.650390625
1.640625
1.650390625
1.645507813
1.640625
1.66015625
1.655273438
1.650390625
1.650390625
1.640625
1.640625
1.640625
1.625976563
1.630859375
1.616210938
1.6015625
1.596679688
1.586914063
1.596679688
1.611328125
1.616210938
1.645507813
1.669921875
1.713867188
1.762695313
1.811523438
1.879882813
1.918945313
1.97265625
2.016601563
2.026367188
2.0703125
2.0703125
2.065429688
2.084960938
2.065429688
2.055664063
2.045898438
2.026367188
2.03125
2.01171875
1.997070313
1.997070313
1.967773438
1.977539063
1.953125
1.923828125
1.909179688
1.889648438
1.870117188
1.850585938
1.821289063
1.826171875
1.81640625
1.811523438
1.811523438
1.796875
1.801757813
1.787109375
1.782226563
1.787109375
1.767578125
1.77734375
1.762695313
1.748046875
1.748046875
1.743164063
1.728515625
1.728515625
1.708984375
1.708984375
1.708984375
1.689453125
1.684570313
1.6796875
1.665039063
1.669921875
1.655273438
1.665039063
1.645507813
1.635742188
1.630859375
1.625976563
1.625976563
1.62109375
1.611328125
1.625976563
1.62109375
1.630859375
1.625976563
1.611328125
1.630859375
1.62109375
1.606445313
1.62109375
1.606445313
1.6015625
1.611328125
1.596679688
1.606445313
1.591796875
1.591796875
1.596679688
1.58203125
1.591796875
1.586914063
1.577148438
1.586914063
1.58203125
1.591796875
1.586914063
1.577148438
1.586914063
1.596679688
1.591796875
1.6015625
1.586914063
1.591796875
1.577148438
1.572265625
1.577148438
1.572265625
1.5625
1.572265625
1.557617188
1.567382813
1.557617188
1.557617188
1.557617188
1.552734375
1.572265625
1.572265625
1.552734375
1.572265625
1.567382813
1.5625
1.567382813
1.552734375
1.557617188
1.538085938
1.54296875
1.552734375
1.533203125
1.54296875
1.547851563
1.547851563
1.557617188
1.552734375
1.5625
1.5625
1.552734375
1.5625
1.557617188
1.552734375
1.5625
1.547851563
1.557617188
1.557617188
1.552734375
1.5625
1.577148438
1.6015625
1.640625
1.665039063
1.73828125
1.787109375
1.840820313
1.918945313
1.953125
2.026367188
2.060546875
2.094726563
2.12890625
2.138671875
2.143554688
2.1484375
2.124023438
2.119140625
2.094726563
2.065429688
2.055664063
2.021484375
2.016601563
2.021484375
2.001953125
2.006835938
1.9921875
1.967773438
1.958007813
1.904296875
1.89453125
1.85546875
1.831054688
1.81640625
1.791992188
1.782226563
1.772460938
1.762695313
1.762695313
1.7578125
1.7578125
1.762695313
1.748046875
1.7578125
1.73828125
1.723632813
1.71875
1.69921875
1.689453125
1.684570313
1.674804688
1.684570313
1.674804688
1.669921875
1.669921875
1.640625
1.645507813
1.625976563
1.6015625
1.611328125
1.596679688
1.591796875
1.591796875
1.572265625
1.591796875
1.572265625
1.58203125
1.58203125
1.567382813
1.586914063
1.586914063
1.6015625
1.606445313
1.591796875
1.611328125
1.616210938
1.6015625
1.616210938
1.596679688
1.586914063
1.596679688
1.572265625
1.58203125
1.572265625
1.552734375
1.552734375
1.54296875
1.538085938
1.538085938
1.5234375
1.528320313
1.528320313
1.528320313
1.538085938
1.5234375
1.533203125
1.533203125
1.533203125
1.552734375
1.533203125
1.538085938
1.54296875
1.528320313
1.54296875
1.547851563
1.54296875
1.557617188
1.54296875
1.552734375
1.547851563
1.538085938
1.538085938
1.528320313
1.518554688
1.5234375
1.513671875
1.528320313
1.5234375
1.5234375
1.538085938
1.538085938
1.54296875
1.533203125
1.513671875
1.508789063
1.494140625
1.494140625
1.50390625
1.494140625
1.50390625
1.499023438
1.508789063
1.513671875
1.513671875
1.538085938
1.528320313
1.533203125
1.547851563
1.538085938
1.54296875
1.552734375
1.538085938
1.552734375
1.567382813
1.5625
1.596679688
1.611328125
1.655273438
1.694335938
1.723632813
1.791992188
1.831054688
1.870117188
1.918945313
1.93359375
1.967773438
1.977539063
1.977539063
1.982421875
1.962890625
1.943359375
1.923828125
1.889648438
1.884765625
1.865234375
1.865234375
1.860351563
1.845703125
1.845703125
1.8359375
1.811523438
1.796875
1.767578125
1.772460938
1.7578125
1.73828125
1.743164063
1.723632813
1.708984375
1.71875
1.694335938
1.704101563
1.704101563
1.689453125
1.694335938
1.6796875
1.674804688
1.6796875
1.66015625
1.665039063
1.655273438
1.650390625
1.655273438
1.640625
1.645507813
1.635742188
1.62109375
1.616210938
1.6015625
1.6015625
1.586914063
1.572265625
1.577148438
1.5625
1.557617188
1.567382813
1.552734375
1.567382813
1.557617188
1.552734375
1.567382813
1.552734375
1.552734375
1.557617188
1.547851563
1.557617188
1.552734375
1.557617188
1.5625
1.557617188
1.567382813
1.557617188
1.547851563
1.557617188
1.538085938
1.538085938
1.538085938
1.528320313
1.533203125
1.528320313
1.518554688
1.528320313
1.528320313
1.528320313
1.54296875
1.533203125
1.538085938
1.528320313
1.5234375
1.5234375
1.5234375
1.533203125
1.533203125
1.538085938
1.5625
1.577148438
1.62109375
1.674804688
1.713867188
1.782226563
1.8359375
1.884765625
1.943359375
1.97265625
2.01171875
2.026367188
2.026367188
2.03125
2.001953125
1.997070313
1.977539063
1.948242188
1.938476563
1.918945313
1.909179688
1.889648438
1.860351563
1.865234375
1.840820313
1.821289063
1.801757813
1.762695313
1.752929688
1.748046875
1.713867188
1.71875
1.694335938
1.684570313
1.6796875
1.655273438
1.684570313
1.674804688
1.655273438
1.674804688
1.665039063
1.669921875
1.6796875
1.674804688
1.694335938
1.684570313
1.6796875
1.674804688
1.655273438
1.655273438
1.645507813
1.62109375
1.611328125
1.596679688
1.586914063
1.58203125
1.557617188
1.567382813
1.552734375
1.538085938
1.54296875
1.528320313
1.54296875
1.547851563
1.538085938
1.547851563
1.54296875
1.557617188
1.557617188
1.552734375
1.567382813
1.5625
1.557617188
1.5625
1.552734375
1.5625
1.5625
1.547851563
1.5625
1.547851563
1.54296875
1.547851563
1.528320313
1.538085938
1.533203125
1.528320313
1.528320313
1.5234375
1.533203125
1.528320313
1.5234375
1.54296875
1.538085938
1.533203125
1.54296875
1.518554688
1.54296875
1.528320313
1.5234375
1.518554688
1.50390625
1.499023438
1.499023438
1.494140625
1.499023438
1.489257813
1.489257813
1.513671875
1.499023438
1.528320313
1.538085938
1.538085938
1.5625
1.5625
1.567382813
1.567382813
1.557617188
1.577148438
1.557617188
1.557617188
1.54296875
1.538085938
1.547851563
1.533203125
1.538085938
1.54296875
1.533203125
1.552734375
1.547851563
1.538085938
1.552734375
1.54296875
1.538085938
1.547851563
1.528320313
1.538085938
1.54296875
1.547851563
1.577148438
1.611328125
1.645507813
1.694335938
1.743164063
1.81640625
1.865234375
1.928710938
1.977539063
2.001953125
2.045898438
2.075195313
2.080078125
2.099609375
2.084960938
2.084960938
2.08984375
2.065429688
2.065429688
2.055664063
2.03125
2.03125
2.006835938
1.997070313
1.982421875
1.953125
1.938476563
1.904296875
1.875
1.860351563
1.81640625
1.811523438
1.791992188
1.762695313
1.762695313
1.748046875
1.748046875
1.748046875
1.743164063
1.748046875
1.73828125
1.743164063
1.748046875
1.723632813
1.728515625
1.728515625
1.708984375
1.71875
1.69921875
1.689453125
1.694335938
1.6796875
1.6796875
1.665039063
1.655273438
1.645507813
1.630859375
1.630859375
1.616210938
1.611328125
1.6015625
1.586914063
1.58203125
1.577148438
1.557617188
1.577148438
1.567382813
1.567382813
1.577148438
1.567382813
1.586914063
1.586914063
1.596679688
1.606445313
1.596679688
1.596679688
1.596679688
1.58203125
1.586914063
1.58203125
1.577148438
1.586914063
1.567382813
1.577148438
1.5625
1.547851563
1.552734375
1.54296875
1.54296875
1.54296875
1.528320313
1.538085938
1.5234375
1.5234375
1.538085938
1.528320313
1.547851563
1.552734375
1.54296875
1.547851563
1.538085938
1.54296875
1.538085938
1.538085938
1.54296875
1.538085938
1.533203125
1.538085938
1.528320313
1.538085938
1.533203125
1.518554688
1.513671875
1.513671875
1.499023438
1.50390625
1.489257813
1.508789063
1.508789063
1.50390625
1.528320313
1.533203125
1.552734375
1.557617188
1.547851563
1.557617188
1.557617188
1.557617188
1.557617188
1.552734375
1.552734375
1.547851563
1.538085938
1.552734375
1.54296875
1.572265625
1.596679688
1.62109375
1.6796875
1.723632813
1.77734375
1.840820313
1.875
1.928710938
1.943359375
1.958007813
1.9921875
1.982421875
1.987304688
1.977539063
1.948242188
1.943359375
1.918945313
1.889648438
1.879882813
1.840820313
1.850585938
1.826171875
1.791992188
1.806640625
1.782226563
1.77734375
1.762695313
1.728515625
1.728515625
1.708984375
1.69921875
1.704101563
1.674804688
1.684570313
1.669921875
1.655273438
1.665039063
1.655273438
1.650390625
1.655273438
1.645507813
1.665039063
1.665039063
1.665039063
1.674804688
1.66015625
1.665039063
1.66015625
1.640625
1.640625
1.62109375
1.62109375
1.616210938
1.586914063
1.6015625
1.577148438
1.567382813
1.577148438
1.5625
1.567382813
1.557617188
1.54296875
1.557617188
1.54296875
1.538085938
1.538085938
1.528320313
1.54296875
1.538085938
1.547851563
1.547851563
1.538085938
1.54296875
1.547851563
1.533203125
1.538085938
1.533203125
1.538085938
1.533203125
1.5234375
1.538085938
1.533203125
1.533203125
1.528320313
1.508789063
1.508789063
1.508789063
1.489257813
1.50390625
1.494140625
1.499023438
1.528320313
1.557617188
1.606445313
1.650390625
1.684570313
1.73828125
1.772460938
1.826171875
1.865234375
1.879882813
1.9140625
1.9140625
1.9140625
1.918945313
1.889648438
1.89453125
1.870117188
1.826171875
1.8359375
1.801757813
1.787109375
1.772460938
1.748046875
1.748046875
1.723632813
1.704101563
1.694335938
1.669921875
1.674804688
1.650390625
1.630859375
1.640625
1.625976563
1.625976563
1.62109375
1.606445313
1.625976563
1.616210938
1.611328125
1.62109375
1.6015625
1.616210938
1.606445313
1.596679688
1.6015625
1.6015625
1.6015625
1.606445313
1.586914063
1.596679688
1.591796875
1.577148438
1.58203125
1.5625
1.5625
1.557617188
1.54296875
1.552734375
1.54296875
1.533203125
1.533203125
1.5234375
1.54296875
1.528320313
1.5234375
1.54296875
1.528320313
1.538085938
1.533203125
1.518554688
1.5234375
1.518554688
1.5234375
1.538085938
1.5234375
1.547851563
1.547851563
1.54296875
1.557617188
1.552734375
1.5625
1.572265625
1.557617188
1.572265625
1.557617188
1.557617188
1.567382813
1.552734375
1.5625
1.552734375
1.547851563
1.572265625
1.586914063
1.630859375
1.665039063
1.704101563
1.762695313
1.806640625
1.850585938
1.889648438
1.909179688
1.953125
1.967773438
1.948242188
1.967773438
1.958007813
1.953125
1.948242188
1.923828125
1.93359375
1.904296875
1.89453125
1.889648438
1.865234375
1.870117188
1.845703125
1.81640625
1.796875
1.748046875
1.723632813
1.713867188
1.669921875
1.6796875
1.66015625
1.650390625
1.655273438
1.640625
1.66015625
1.66015625
1.665039063
1.6796875
1.6796875
1.694335938
1.69921875
1.6796875
1.6796875
1.665039063
1.655273438
1.66015625
1.630859375
1.630859375
1.630859375
1.616210938
1.62109375
1.606445313
1.596679688
1.596679688
1.577148438
1.586914063
1.58203125
1.572265625
1.586914063
1.586914063
1.611328125
1.611328125
1.606445313
1.625976563
1.606445313
1.596679688
1.596679688
1.577148438
1.577148438
1.557617188
1.547851563
1.567382813
1.552734375
1.5625
1.572265625
1.557617188
1.567382813
1.557617188
1.547851563
1.5625
1.547851563
1.567382813
1.5625
1.567382813
1.567382813
1.5625
1.557617188
1.557617188
1.538085938
1.54296875
1.528320313
1.513671875
1.518554688
1.499023438
1.513671875
1.5234375
1.533203125
1.547851563
1.54296875
1.552734375
1.5625
1.547851563
1.5625
1.557617188
1.552734375
1.5625
1.538085938
1.552734375
1.547851563
1.528320313
1.547851563
1.528320313
1.538085938
1.547851563
1.533203125
1.552734375
1.533203125
1.538085938
1.533203125
1.528320313
1.54296875
1.54296875
1.533203125
1.538085938
1.5234375
1.533203125
1.538085938
1.5234375
1.538085938
1.547851563
1.54296875
1.547851563
1.538085938
1.538085938
1.538085938
1.518554688
1.538085938
1.5234375
1.533203125
1.538085938
1.547851563
1.586914063
1.591796875
1.606445313
1.650390625
1.674804688
1.723632813
1.762695313
1.791992188
1.845703125
1.870117188
1.909179688
1.928710938
1.928710938
1.948242188
1.943359375
1.938476563
1.938476563
1.923828125
1.923828125
1.918945313
1.89453125
1.909179688
1.889648438
1.879882813
1.870117188
1.8359375
1.840820313
1.821289063
1.772460938
1.796875
1.762695313
1.752929688
1.748046875
1.71875
1.723632813
1.713867188
1.71875
1.733398438
1.71875
1.723632813
1.713867188
1.71875
1.723632813
1.69921875
1.704101563
1.704101563
1.689453125
1.704101563
1.684570313
1.674804688
1.669921875
1.650390625
1.66015625
1.645507813
1.625976563
1.640625
1.625976563
1.62109375
1.616210938
1.591796875
1.616210938
1.606445313
1.591796875
1.596679688
1.577148438
1.58203125
1.577148438
1.572265625
1.58203125
1.577148438
1.572265625
1.577148438
1.557617188
1.572265625
1.5625
1.5625
1.572265625
1.552734375
1.567382813
1.557617188
1.552734375
1.5625
1.552734375
1.557617188
1.5625
1.538085938
1.557617188
1.547851563
1.547851563
1.557617188
1.54296875
1.54296875
1.54296875
1.528320313
1.533203125
1.5234375
1.518554688
1.528320313
1.508789063
1.528320313
1.518554688
1.5234375
1.538085938
1.528320313
1.538085938
1.533203125
1.513671875
1.54296875
1.533203125
1.538085938
1.538085938
1.5234375
1.547851563
1.533203125
1.513671875
1.528320313
1.508789063
1.513671875
1.5234375
1.499023438
1.513671875
1.508789063
1.508789063
1.508789063
1.50390625
1.5234375
1.518554688
1.513671875
1.528320313
1.513671875
1.5234375
1.518554688
1.494140625
1.508789063
1.50390625
1.513671875
1.538085938
1.538085938
1.547851563
1.5625
1.552734375
1.577148438
1.591796875
1.611328125
1.645507813
1.66015625
1.704101563
1.713867188
1.73828125
1.767578125
1.7578125
1.787109375
1.787109375
1.767578125
1.782226563
1.762695313
1.752929688
1.752929688
1.71875
1.733398438
1.713867188
1.704101563
1.713867188
1.694335938
1.694335938
1.689453125
1.669921875
1.6796875
1.655273438
1.645507813
1.630859375
1.62109375
1.630859375
1.62109375
1.616210938
1.62109375
1.611328125
1.625976563
1.625976563
1.6015625
1.62109375
1.611328125
1.6015625
1.616210938
1.591796875
1.611328125
1.6015625
1.596679688
1.611328125
1.591796875
1.591796875
1.586914063
1.577148438
1.577148438
1.5625
1.567382813
1.567382813
1.547851563
1.567382813
1.5625
1.547851563
1.5625
1.547851563
1.552734375
1.552734375
1.538085938
1.547851563
1.552734375
1.552734375
1.552734375
1.538085938
1.557617188
1.5625
1.552734375
1.5625
1.54296875
1.54296875
1.552734375
1.538085938
1.557617188
1.54296875
1.54296875
1.552734375
1.533203125
1.552734375
1.54296875
1.533203125
1.547851563
1.538085938
1.528320313
1.538085938
1.5234375
1.533203125
1.528320313
1.538085938
1.54296875
1.547851563
1.567382813
1.577148438
1.591796875
1.625976563
1.640625
1.669921875
1.69921875
1.708984375
1.748046875
1.7578125
1.772460938
1.787109375
1.77734375
1.782226563
1.77734375
1.7578125
1.762695313
1.743164063
1.743164063
1.733398438
1.713867188
1.723632813
1.704101563
1.694335938
1.694335938
1.674804688
1.669921875
1.665039063
1.645507813
1.650390625
1.640625
1.635742188
1.635742188
1.62109375
1.640625
1.635742188
1.635742188
1.645507813
1.630859375
1.635742188
1.625976563
1.616210938
1.635742188
1.606445313
1.611328125
1.616210938
1.596679688
1.611328125
1.606445313
1.58203125
1.606445313
1.596679688
1.596679688
1.6015625
1.58203125
1.6015625
1.586914063
1.58203125
1.586914063
1.5625
1.58203125
1.577148438
1.58203125
1.591796875
1.58203125
1.577148438
1.567382813
1.547851563
1.557617188
1.54296875
1.54296875
1.552734375
1.538085938
1.557617188
1.567382813
1.5625
1.58203125
1.577148438
1.58203125
1.591796875
1.577148438
1.591796875
1.58203125
1.577148438
1.591796875
1.5625
1.572265625
1.577148438
1.5625
1.572265625
1.5625
1.557617188
1.557617188
1.538085938
1.557617188
1.54296875
1.533203125
1.547851563
1.533203125
1.54296875
1.54296875
1.533203125
1.557617188
1.547851563
1.54296875
1.557617188
1.547851563
1.5625
1.567382813
1.567382813
1.577148438
1.5625
1.58203125
1.577148438
1.5625
1.58203125
1.5625
1.547851563
1.557617188
1.533203125
1.547851563
1.547851563
1.552734375
1.557617188
1.54296875
1.552734375
1.5625
1.557617188
1.572265625
1.577148438
1.577148438
1.591796875
1.577148438
1.6015625
1.616210938
1.6015625
1.655273438
1.669921875
1.689453125
1.713867188
1.723632813
1.762695313
1.772460938
1.787109375
1.801757813
1.801757813
1.81640625
1.81640625
1.821289063
1.821289063
1.791992188
1.791992188
1.787109375
1.762695313
1.77734375
1.762695313
1.743164063
1.748046875
1.723632813
1.71875
1.708984375
1.689453125
1.69921875
1.684570313
1.689453125
1.689453125
1.6796875
1.694335938
1.684570313
1.689453125
1.694335938
1.684570313
1.684570313
1.6796875
1.669921875
1.674804688
1.66015625
1.66015625
1.66015625
1.635742188
1.640625
1.62109375
1.625976563
1.635742188
1.635742188
1.650390625
1.650390625
1.640625
1.655273438
1.640625
1.635742188
1.635742188
1.62109375
1.635742188
1.630859375
1.62109375
1.62109375
1.6015625
1.606445313
1.6015625
1.58203125
1.596679688
1.58203125
1.58203125
1.6015625
1.58203125
1.596679688
1.596679688
1.591796875
1.596679688
1.591796875
1.606445313
1.596679688
1.586914063
1.6015625
1.591796875
1.586914063
1.591796875
1.572265625
1.596679688
1.586914063
1.557617188
1.596679688
1.58203125
1.591796875
1.591796875
1.577148438
1.591796875
1.58203125
1.572265625
1.567382813
1.557617188
1.567382813
1.567382813
1.5625
1.572265625
1.5625
1.572265625
1.5625
1.547851563
1.567382813
1.5625
1.5625
1.58203125
1.5625
1.586914063
1.58203125
1.567382813
1.572265625
1.5625
1.572265625
1.572265625
1.5625
1.577148438
1.572265625
1.567382813
1.58203125
1.567382813
1.58203125
1.58203125
1.5625
1.572265625
1.547851563
1.538085938
1.552734375
1.54296875
1.5625
1.577148438
1.591796875
1.625976563
1.645507813
1.684570313
1.704101563
1.71875
1.752929688
1.762695313
1.77734375
1.796875
1.796875
1.81640625
1.811523438
1.806640625
1.801757813
1.782226563
1.806640625
1.787109375
1.762695313
1.772460938
1.752929688
1.743164063
1.748046875
1.713867188
1.728515625
1.713867188
1.708984375
1.708984375
1.689453125
1.694335938
1.674804688
1.645507813
1.655273438
1.630859375
1.640625
1.645507813
1.635742188
1.66015625
1.665039063
1.640625
1.6796875
1.669921875
1.674804688
1.684570313
1.665039063
1.6796875
1.665039063
1.655273438
1.650390625
1.616210938
1.630859375
1.616210938
1.6015625
1.611328125
1.6015625
1.606445313
1.611328125
1.6015625
1.630859375
1.630859375
1.616210938
1.625976563
1.6015625
1.6015625
1.591796875
1.58203125
1.6015625
1.58203125
1.591796875
1.596679688
1.58203125
1.6015625
1.596679688
1.58203125
1.596679688
1.577148438
1.591796875
1.6015625
1.586914063
1.596679688
1.577148438
1.572265625
1.572265625
1.54296875
1.552734375
1.547851563
1.54296875
1.552734375
1.533203125
1.552734375
1.557617188
1.552734375
1.577148438
1.58203125
1.586914063
1.591796875
1.577148438
1.591796875
1.58203125
1.58203125
1.586914063
1.567382813
1.577148438
1.577148438
1.5625
1.577148438
1.572265625
1.567382813
1.577148438
1.5625
1.586914063
1.591796875
1.586914063
1.606445313
1.591796875
1.591796875
1.591796875
1.58203125
1.577148438
1.567382813
1.5625
1.577148438
1.557617188
1.586914063
1.586914063
1.557617188
1.606445313
1.6015625
1.611328125
1.630859375
1.616210938
1.645507813
1.655273438
1.66015625
1.674804688
1.665039063
1.69921875
1.69921875
1.704101563
1.713867188
1.69921875
1.704101563
1.69921875
1.6796875
1.704101563
1.694335938
1.694335938
1.69921875
1.674804688
1.694335938
1.6796875
1.655273438
1.669921875
1.650390625
1.650390625
1.66015625
1.640625
1.66015625
1.650390625
1.650390625
1.655273438
1.640625
1.650390625
1.640625
1.640625
1.650390625
1.645507813
1.640625
1.645507813
1.630859375
1.655273438
1.635742188
1.630859375
1.635742188
1.62109375
1.635742188
1.640625
1.625976563
1.635742188
1.630859375
1.625976563
1.630859375
1.6015625
1.616210938
1.611328125
1.6015625
1.611328125
1.596679688
1.6015625
1.611328125
1.596679688
1.616210938
1.6015625
1.596679688
1.596679688
1.577148438
1.591796875
1.586914063
1.572265625
1.58203125
1.557617188
1.567382813
1.58203125
1.572265625
1.6015625
1.586914063
1.6015625
1.611328125
1.586914063
1.606445313
1.591796875
1.567382813
1.596679688
1.586914063
1.596679688
1.586914063
1.5625
1.58203125
1.577148438
1.586914063
1.6015625
1.6015625
1.630859375
1.650390625
1.6796875
1.704101563
1.708984375
1.733398438
1.743164063
1.73828125
1.762695313
1.7578125
1.748046875
1.762695313
1.748046875
1.762695313
1.762695313
1.743164063
1.748046875
1.723632813
1.71875
1.723632813
1.69921875
1.728515625
1.713867188
1.704101563
1.713867188
1.6796875
1.694335938
1.684570313
1.669921875
1.6796875
1.669921875
1.665039063
1.669921875
1.650390625
1.66015625
1.645507813
1.640625
1.650390625
1.640625
1.655273438
1.66015625
1.655273438
1.655273438
1.655273438
1.650390625
1.655273438
1.640625
1.665039063
1.655273438
1.645507813
1.645507813
1.630859375
1.635742188
1.630859375
1.62109375
1.625976563
1.616210938
1.606445313
1.625976563
1.596679688
1.62109375
1.616210938
1.611328125
1.62109375
1.611328125
1.616210938
1.62109375
1.611328125
1.630859375
1.616210938
1.616210938
1.62109375
1.596679688
1.62109375
1.616210938
1.596679688
1.616210938
1.606445313
1.611328125
1.616210938
1.6015625
1.616210938
1.6015625
1.6015625
1.606445313
1.591796875
1.611328125
1.62109375
1.616210938
1.640625
1.650390625
1.669921875
1.694335938
1.704101563
1.752929688
1.77734375
1.806640625
1.8359375
1.826171875
1.860351563
1.875
1.865234375
1.879882813
1.865234375
1.870117188
1.850585938
1.821289063
1.831054688
1.806640625
1.796875
1.806640625
1.791992188
1.801757813
1.791992188
1.767578125
1.77734375
1.762695313
1.752929688
1.748046875
1.728515625
1.743164063
1.743164063
1.733398438
1.7578125
1.752929688
1.7578125
1.7578125
1.748046875
1.762695313
1.743164063
1.733398438
1.743164063
1.713867188
1.733398438
1.71875
1.71875
1.704101563
1.6796875
1.6796875
1.669921875
1.655273438
1.6796875
1.665039063
1.669921875
1.674804688
1.640625
1.655273438
1.640625
1.625976563
1.645507813
1.630859375
1.645507813
1.640625
1.630859375
1.650390625
1.635742188
1.635742188
1.635742188
1.630859375
1.66015625
1.66015625
1.625976563
1.669921875
1.655273438
1.650390625
1.655273438
1.630859375
1.645507813
1.62109375
1.62109375
1.630859375
1.611328125
1.630859375
1.616210938
1.616210938
1.625976563
1.616210938
1.606445313
1.611328125
1.6015625
1.616210938
1.606445313
1.591796875
1.591796875
1.577148438
1.606445313
1.606445313
1.591796875
1.616210938
1.606445313
1.611328125
1.611328125
1.591796875
1.611328125
1.591796875
1.586914063
1.596679688
1.58203125
1.591796875
1.58203125
1.567382813
1.572265625
1.572265625
1.572265625
1.586914063
1.567382813
1.591796875
1.586914063
1.586914063
1.606445313
1.577148438
1.6015625
1.596679688
1.58203125
1.591796875
1.572265625
1.577148438
1.586914063
1.577148438
1.611328125
1.606445313
1.62109375
1.665039063
1.6796875
1.723632813
1.7578125
1.772460938
1.826171875
1.845703125
1.85546875
1.884765625
1.870117188
1.899414063
1.899414063
1.899414063
1.89453125
1.884765625
1.875
1.879882813
1.85546875
1.865234375
1.840820313
1.845703125
1.8359375
1.806640625
1.811523438
1.791992188
1.762695313
1.762695313
1.743164063
1.748046875
1.733398438
1.71875
1.743164063
1.728515625
1.71875
1.723632813
1.69921875
1.713867188
1.694335938
1.66015625
1.6796875
1.669921875
1.674804688
1.674804688
1.655273438
1.674804688
1.66015625
1.66015625
1.684570313
1.66015625
1.684570313
1.66015625
1.640625
1.640625
1.616210938
1.62109375
1.62109375
1.586914063
1.606445313
1.596679688
1.586914063
1.611328125
1.596679688
1.616210938
1.616210938
1.606445313
1.62109375
1.611328125
1.606445313
1.611328125
1.58203125
1.6015625
1.577148438
1.577148438
1.586914063
1.567382813
1.58203125
1.58203125
1.5625
1.58203125
1.572265625
1.577148438
1.58203125
1.567382813
1.577148438
1.5625
1.567382813
1.567382813
1.552734375
1.5625
1.567382813
1.547851563
1.572265625
1.547851563
1.547851563
1.5625
1.54296875
1.567382813
1.5625
1.552734375
1.5625
1.552734375
1.567382813
1.557617188
1.552734375
1.5625
1.557617188
1.552734375
1.5625
1.54296875
1.5625
1.552734375
1.5625
1.577148438
1.572265625
1.591796875
1.611328125
1.62109375
1.66015625
1.684570313
1.728515625
1.772460938
1.782226563
1.8359375
1.845703125
1.870117188
1.889648438
1.879882813
1.884765625
1.879882813
1.860351563
1.865234375
1.8359375
1.826171875
1.811523438
1.782226563
1.801757813
1.787109375
1.772460938
1.772460938
1.752929688
1.733398438
1.71875
1.674804688
1.684570313
1.669921875
1.669921875
1.689453125
1.674804688
1.689453125
1.684570313
1.674804688
1.69921875
1.689453125
1.694335938
1.69921875
1.6796875
1.69921875
1.684570313
1.6796875
1.684570313
1.66015625
1.665039063
1.640625
1.62109375
1.625976563
1.6015625
1.6015625
1.606445313
1.586914063
1.611328125
1.6015625
1.591796875
1.606445313
1.591796875
1.606445313
1.611328125
1.606445313
1.625976563
1.606445313
1.616210938
1.62109375
1.606445313
1.625976563
1.611328125
1.596679688
1.611328125
1.591796875
1.596679688
1.6015625
1.591796875
1.596679688
1.577148438
1.577148438
1.586914063
1.557617188
1.567382813
1.552734375
1.533203125
1.54296875
1.538085938
1.54296875
1.547851563
1.533203125
1.557617188
1.54296875
1.54296875
1.552734375
1.54296875
1.567382813
1.567382813
1.5625
1.591796875
1.591796875
1.625976563
1.66015625
1.669921875
1.71875
1.762695313
1.796875
1.85546875
1.860351563
1.9140625
1.928710938
1.9140625
1.953125
1.943359375
1.948242188
1.93359375
1.899414063
1.904296875
1.875
1.865234375
1.860351563
1.821289063
1.811523438
1.791992188
1.772460938
1.7578125
1.728515625
1.71875
1.69921875
1.674804688
1.684570313
1.665039063
1.650390625
1.665039063
1.66015625
1.674804688
1.674804688
1.665039063
1.689453125
1.674804688
1.684570313
1.684570313
1.66015625
1.669921875
1.66015625
1.650390625
1.66015625
1.640625
1.655273438
1.640625
1.625976563
1.640625
1.62109375
1.616210938
1.625976563
1.606445313
1.616210938
1.606445313
1.591796875
1.616210938
1.591796875
1.606445313
1.611328125
1.591796875
1.616210938
1.611328125
1.606445313
1.606445313
1.596679688
1.616210938
1.611328125
1.6015625
1.606445313
1.596679688
1.62109375
1.616210938
1.6015625
1.596679688
1.586914063
1.567382813
1.577148438
1.557617188
1.572265625
1.567382813
1.552734375
1.5625
1.5625
1.577148438
1.577148438
1.572265625
1.586914063
1.577148438
1.572265625
1.586914063
1.5625
1.586914063
1.58203125
1.567382813
1.58203125
1.572265625
1.58203125
1.58203125
1.567382813
1.591796875
1.572265625
1.572265625
1.586914063
1.567382813
1.58203125
1.577148438
1.5625
1.577148438
1.557617188
1.547851563
1.557617188
1.533203125
1.557617188
1.552734375
1.552734375
1.557617188
1.54296875
1.567382813
1.567382813
1.5625
1.58203125
1.567382813
1.567382813
1.58203125
1.552734375
1.577148438
1.5625
1.5625
1.5625
1.538085938
1.54296875
1.552734375
1.552734375
1.58203125
1.6015625
1.645507813
1.674804688
1.694335938
1.748046875
1.782226563
1.831054688
1.865234375
1.865234375
1.89453125
1.904296875
1.89453125
1.889648438
1.870117188
1.85546875
1.850585938
1.821289063
1.826171875
1.811523438
1.796875
1.806640625
1.77734375
1.782226563
1.767578125
1.73828125
1.733398438
1.704101563
1.684570313
1.684570313
1.650390625
1.66015625
1.66015625
1.655273438
1.6796875
1.669921875
1.684570313
1.684570313
1.674804688
1.689453125
1.674804688
1.669921875
1.684570313
1.66015625
1.6796875
1.674804688
1.66015625
1.674804688
1.66015625
1.655273438
1.645507813
1.625976563
1.62109375
1.606445313
1.591796875
1.6015625
1.577148438
1.586914063
1.586914063
1.547851563
1.572265625
1.5625
1.577148438
1.58203125
1.567382813
1.606445313
1.591796875
1.586914063
1.586914063
1.5625
1.572265625
1.5625
1.552734375
1.5625
1.557617188
1.5625
1.567382813
1.547851563
1.572265625
1.5625
1.5625
1.58203125
1.5625
1.577148438
1.572265625
1.567382813
1.58203125
1.572265625
1.577148438
1.58203125
1.567382813
1.591796875
1.58203125
1.572265625
1.58203125
1.567382813
1.577148438
1.557617188
1.547851563
1.5625
1.547851563
1.557617188
1.5625
1.547851563
1.572265625
1.5625
1.5625
1.591796875
1.596679688
1.635742188
1.6796875
1.708984375
1.767578125
1.801757813
1.8359375
1.884765625
1.89453125
1.93359375
1.938476563
1.93359375
1.948242188
1.923828125
1.923828125
1.909179688
1.870117188
1.875
1.850585938
1.831054688
1.826171875
1.796875
1.806640625
1.787109375
1.791992188
1.762695313
1.733398438
1.723632813
1.71875
1.694335938
1.704101563
1.684570313
1.684570313
1.684570313
1.665039063
1.669921875
1.655273438
1.645507813
1.665039063
1.66015625
1.669921875
1.674804688
1.66015625
1.669921875
1.66015625
1.640625
1.645507813
1.62109375
1.635742188
1.635742188
1.616210938
1.630859375
1.62109375
1.62109375
1.630859375
1.606445313
1.62109375
1.616210938
1.616210938
1.616210938
1.596679688
1.611328125
1.591796875
1.572265625
1.58203125
1.572265625
1.572265625
1.58203125
1.5625
1.577148438
1.567382813
1.5625
1.567382813
1.5625
1.58203125
1.572265625
1.5625
1.58203125
1.577148438
1.58203125
1.596679688
1.567382813
1.577148438
1.5625
1.557617188
1.567382813
1.54296875
1.552734375
1.54296875
1.533203125
1.557617188
1.547851563
1.547851563
1.5625
1.557617188
1.572265625
1.567382813
1.557617188
1.567382813
1.552734375
1.557617188
1.5625
1.54296875
1.5625
1.547851563
1.547851563
1.5625
1.538085938
1.552734375
1.54296875
1.577148438
1.552734375
1.538085938
1.5625
1.567382813
1.552734375
1.5625
1.557617188
1.552734375
1.557617188
1.533203125
1.547851563
1.538085938
1.50390625
1.528320313
1.513671875
1.5234375
1.528320313
1.528320313
1.572265625
1.577148438
1.6015625
1.645507813
1.655273438
1.69921875
1.728515625
1.772460938
1.81640625
1.840820313
1.865234375
1.879882813
1.879882813
1.918945313
1.904296875
1.918945313
1.93359375
1.923828125
1.93359375
1.928710938
1.909179688
1.9140625
1.889648438
1.879882813
1.875
1.8359375
1.821289063
1.791992188
1.762695313
1.762695313
1.723632813
1.728515625
1.708984375
1.689453125
1.69921875
1.689453125
1.684570313
1.69921875
1.684570313
1.713867188
1.708984375
1.708984375
1.723632813
1.71875
1.723632813
1.713867188
1.69921875
1.704101563
1.6796875
1.665039063
1.669921875
1.640625
1.650390625
1.630859375
1.62109375
1.62109375
1.606445313
1.611328125
1.6015625
1.591796875
1.606445313
1.6015625
1.591796875
1.6015625
1.591796875
1.616210938
1.611328125
1.611328125
1.616210938
1.611328125
1.62109375
1.62109375
1.616210938
1.62109375
1.6015625
1.6015625
1.606445313
1.58203125
1.596679688
1.58203125
1.557617188
1.58203125
1.5625
1.5625
1.5625
1.54296875
1.572265625
1.557617188
1.5625
1.567382813
1.557617188
1.567382813
1.5625
1.557617188
1.567382813
1.557617188
1.547851563
1.5625
1.547851563
1.572265625
1.5625
1.552734375
1.572265625
1.538085938
1.557617188
1.552734375
1.533203125
1.547851563
1.538085938
1.533203125
1.54296875
1.5234375
1.557617188
1.54296875
1.538085938
1.557617188
1.54296875
1.547851563
1.54296875
1.538085938
1.552734375
1.54296875
1.54296875
1.552734375
1.54296875
1.572265625
1.577148438
1.58203125
1.596679688
1.577148438
1.591796875
1.58203125
1.567382813
1.58203125
1.572265625
1.591796875
1.616210938
1.625976563
1.665039063
1.689453125
1.728515625
1.772460938
1.796875
1.826171875
1.8359375
1.850585938
1.870117188
1.870117188
1.875
1.889648438
1.870117188
1.889648438
1.884765625
1.860351563
1.860351563
1.8359375
1.81640625
1.811523438
1.791992188
1.791992188
1.772460938
1.7578125
1.752929688
1.728515625
1.733398438
1.71875
1.669921875
1.689453125
1.669921875
1.655273438
1.650390625
1.630859375
1.640625
1.640625
1.630859375
1.650390625
1.640625
1.66015625
1.650390625
1.650390625
1.645507813
1.625976563
1.635742188
1.630859375
1.616210938
1.625976563
1.62109375
1.611328125
1.616210938
1.596679688
1.596679688
1.6015625
1.577148438
1.586914063
1.577148438
1.567382813
1.572265625
1.557617188
1.5625
1.567382813
1.552734375
1.577148438
1.5625
1.58203125
1.572265625
1.5625
1.572265625
1.5625
1.5625
1.567382813
1.54296875
1.552734375
1.533203125
1.533203125
1.538085938
1.533203125
1.538085938
1.538085938
1.533203125
1.552734375
1.557617188
1.567382813
1.591796875
1.577148438
1.591796875
1.596679688
1.6015625
1.616210938
1.630859375
1.66015625
1.694335938
1.723632813
1.782226563
1.81640625
1.860351563
1.899414063
1.9140625
1.938476563
1.958007813
1.958007813
1.977539063
1.977539063
1.967773438
1.962890625
1.928710938
1.928710938
1.89453125
1.865234375
1.85546875
1.811523438
1.811523438
1.787109375
1.733398438
1.748046875
1.723632813
1.71875
1.713867188
1.684570313
1.694335938
1.684570313
1.6796875
1.684570313
1.66015625
1.669921875
1.665039063
1.655273438
1.665039063
1.645507813
1.645507813
1.66015625
1.640625
1.650390625
1.645507813
1.635742188
1.640625
1.606445313
1.62109375
1.606445313
1.6015625
1.6015625
1.6015625
1.606445313
1.606445313
1.572265625
1.577148438
1.547851563
1.552734375
1.552734375
1.54296875
1.5625
1.567382813
1.5625
1.572265625
1.5625
1.572265625
1.58203125
1.5625
1.58203125
1.572265625
1.567382813
1.557617188
1.54296875
1.552734375
1.552734375
1.528320313
1.54296875
1.54296875
1.547851563
1.552734375
1.547851563
1.5625
1.54296875
1.538085938
1.54296875
1.54296875
1.54296875
1.538085938
1.528320313
1.54296875
1.538085938
1.557617188
1.586914063
1.6015625
1.66015625
1.69921875
1.748046875
1.81640625
1.860351563
1.918945313
1.958007813
1.982421875
2.021484375
2.026367188
2.041015625
2.045898438
2.03125
2.036132813
2.026367188
2.001953125
1.997070313
1.967773438
1.958007813
1.943359375
1.9140625
1.9140625
1.899414063
1.884765625
1.865234375
1.821289063
1.811523438
1.782226563
1.7578125
1.743164063
1.713867188
1.713867188
1.708984375
1.69921875
1.71875
1.708984375
1.708984375
1.708984375
1.69921875
1.6796875
1.669921875
1.640625
1.640625
1.635742188
1.655273438
1.655273438
1.655273438
1.665039063
1.665039063
1.645507813
1.655273438
1.635742188
1.635742188
1.616210938
1.596679688
1.6015625
1.572265625
1.572265625
1.5625
1.552734375
1.572265625
1.557617188
1.547851563
1.547851563
1.538085938
1.547851563
1.552734375
1.533203125
1.552734375
1.552734375
1.552734375
1.5625
1.557617188
1.577148438
1.572265625
1.567382813
1.58203125
1.572265625
1.58203125
1.58203125
1.5625
1.577148438
1.557617188
1.557617188
1.5625
1.54296875
1.557617188
1.552734375
1.538085938
1.547851563
1.533203125
1.54296875
1.552734375
1.54296875
1.557617188
1.547851563
1.547851563
1.54296875
1.513671875
1.533203125
1.538085938
1.499023438
1.533203125
1.528320313
1.533203125
1.547851563
1.533203125
1.552734375
1.547851563
1.547851563
1.547851563
1.528320313
1.547851563
1.533203125
1.5234375
1.528320313
1.5234375
1.528320313
1.533203125
1.513671875
1.533203125
1.528320313
1.5234375
1.533203125
1.518554688
1.533203125
1.528320313
1.513671875
1.518554688
1.513671875
1.513671875
1.5234375
1.499023438
1.518554688
1.518554688
1.533203125
1.552734375
1.552734375
1.572265625
1.577148438
1.577148438
1.596679688
1.606445313
1.640625
1.6796875
1.713867188
1.787109375
1.831054688
1.889648438
1.948242188
1.977539063
2.026367188
2.05078125
2.045898438
2.065429688
2.041015625
2.03125
2.001953125
1.962890625
1.948242188
1.9140625
1.89453125
1.889648438
1.879882813
1.875
1.870117188
1.850585938
1.850585938
1.821289063
1.801757813
1.782226563
1.748046875
1.73828125
1.723632813
1.713867188
1.713867188
1.69921875
1.69921875
1.704101563
1.689453125
1.704101563
1.689453125
1.6796875
1.689453125
1.66015625
1.6796875
1.665039063
1.71875
1.669921875
1.645507813
1.640625
1.635742188
1.611328125
1.611328125
1.596679688
1.58203125
1.577148438
1.5625
1.557617188
1.557617188
1.547851563
1.5625
1.557617188
1.557617188
1.557617188
1.54296875
1.557617188
1.552734375
1.552734375
1.5625
1.547851563
1.5625
1.557617188
1.54296875
1.557617188
1.54296875
1.533203125
1.538085938
1.5234375
1.533203125
1.518554688
1.518554688
1.513671875
1.499023438
1.518554688
1.508789063
1.499023438
1.508789063
1.499023438
1.499023438
1.494140625
1.484375
1.50390625
1.50390625
1.513671875
1.533203125
1.528320313
1.547851563
1.5625
1.591796875
1.635742188
1.674804688
1.71875
1.77734375
1.831054688
1.909179688
1.962890625
1.997070313
2.036132813
2.05078125
2.065429688
2.05078125
2.016601563
2.021484375
1.9921875
1.97265625
1.958007813
1.928710938
1.93359375
1.904296875
1.879882813
1.865234375
1.8359375
1.811523438
1.782226563
1.743164063
1.71875
1.6796875
1.650390625
1.630859375
1.6015625
1.6015625
1.591796875
1.586914063
1.6015625
1.616210938
1.630859375
1.645507813
1.640625
1.66015625
1.655273438
1.655273438
1.645507813
1.625976563
1.625976563
1.611328125
1.572265625
1.58203125
1.5625
1.552734375
1.552734375
1.528320313
1.557617188
1.538085938
1.54296875
1.557617188
1.54296875
1.547851563
1.533203125
1.528320313
1.533203125
1.528320313
1.528320313
1.538085938
1.518554688
1.54296875
1.538085938
1.533203125
1.547851563
1.533203125
1.538085938
1.533203125
1.5234375
1.528320313
1.5234375
1.528320313
1.5234375
1.518554688
1.533203125
1.5234375
1.5234375
1.528320313
1.513671875
1.5234375
1.518554688
1.499023438
1.513671875
1.508789063
1.508789063
1.50390625
1.499023438
1.5234375
1.508789063
1.513671875
1.518554688
1.50390625
1.518554688
1.508789063
1.513671875
1.5234375
1.513671875
1.513671875
1.5234375
1.50390625
1.513671875
1.508789063
1.508789063
1.508789063
1.508789063
1.513671875
1.513671875
1.50390625
1.518554688
1.513671875
1.508789063
1.508789063
1.499023438
1.508789063
1.484375
1.474609375
1.484375
1.474609375
1.489257813
1.50390625
1.508789063
1.538085938
1.538085938
1.533203125
1.547851563
1.533203125
1.552734375
1.557617188
1.5625
1.606445313
1.640625
1.689453125
1.743164063
1.787109375
1.850585938
1.899414063
1.943359375
1.982421875
1.9921875
2.021484375
2.021484375
2.026367188
2.021484375
2.001953125
1.987304688
1.977539063
1.948242188
1.938476563
1.9140625
1.889648438
1.884765625
1.850585938
1.8359375
1.806640625
1.77734375
1.772460938
1.752929688
1.728515625
1.713867188
1.694335938
1.69921875
1.684570313
1.665039063
1.665039063
1.650390625
1.665039063
1.66015625
1.665039063
1.684570313
1.6796875
1.694335938
1.694335938
1.689453125
1.694335938
1.684570313
1.674804688
1.674804688
1.650390625
1.645507813
1.62109375
1.6015625
1.6015625
1.577148438
1.577148438
1.6015625
1.572265625
1.58203125
1.586914063
1.586914063
1.586914063
1.577148438
1.572265625
1.577148438
1.567382813
1.577148438
1.577148438
1.567382813
1.577148438
1.5625
1.572265625
1.567382813
1.5625
1.572265625
1.5625
1.5625
1.572265625
1.552734375
1.567382813
1.547851563
1.552734375
1.557617188
1.533203125
1.54296875
1.54296875
1.5234375
1.528320313
1.518554688
1.528320313
1.528320313
1.508789063
1.528320313
1.513671875
1.513671875
1.518554688
1.508789063
1.5234375
1.528320313
1.518554688
1.538085938
1.518554688
1.5234375
1.518554688
1.499023438
1.508789063
1.508789063
1.518554688
1.5234375
1.513671875
1.533203125
1.538085938
1.533203125
1.54296875
1.538085938
1.533203125
1.538085938
1.5234375
1.533203125
1.533203125
1.533203125
1.538085938
1.5234375
1.533203125
1.533203125
1.5234375
1.528320313
1.538085938
1.552734375
1.567382813
1.6015625
1.650390625
1.694335938
1.743164063
1.806640625
1.845703125
1.909179688
1.948242188
1.97265625
2.01171875
2.021484375
2.03125
2.03125
2.006835938
2.006835938
1.977539063
1.943359375
1.918945313
1.89453125
1.879882813
1.85546875
1.831054688
1.826171875
1.806640625
1.791992188
1.767578125
1.743164063
1.743164063
1.71875
1.708984375
1.708984375
1.684570313
1.6796875
1.674804688
1.665039063
1.674804688
1.655273438
1.66015625
1.669921875
1.66015625
1.669921875
1.669921875
1.674804688
1.669921875
1.650390625
1.655273438
1.645507813
1.630859375
1.630859375
1.611328125
1.596679688
1.58203125
1.557617188
1.567382813
1.557617188
1.54296875
1.552734375
1.54296875
1.547851563
1.552734375
1.54296875
1.552734375
1.557617188
1.5625
1.5625
1.54296875
1.567382813
1.5625
1.577148438
1.577148438
1.567382813
1.5625
1.577148438
1.552734375
1.577148438
1.557617188
1.5625
1.567382813
1.54296875
1.557617188
1.547851563
1.538085938
1.547851563
1.54296875
1.547851563
1.547851563
1.528320313
1.54296875
1.538085938
1.5234375
1.552734375
1.54296875
1.586914063
1.616210938
1.655273438
1.713867188
1.772460938
1.840820313
1.899414063
1.953125
2.021484375
2.060546875
2.08984375
2.124023438
2.124023438
2.143554688
2.12890625
2.104492188
2.094726563
2.065429688
2.045898438
2.036132813
2.01171875
1.987304688
1.967773438
1.943359375
1.928710938
1.889648438
1.870117188
1.840820313
1.806640625
1.787109375
1.743164063
1.71875
1.713867188
1.684570313
1.689453125
1.689453125
1.684570313
1.694335938
1.689453125
1.689453125
1.69921875
1.684570313
1.684570313
1.6796875
1.674804688
1.674804688
1.66015625
1.665039063
1.645507813
1.62109375
1.616210938
1.596679688
1.591796875
1.586914063
1.567382813
1.572265625
1.577148438
1.5625
1.557617188
1.528320313
1.528320313
1.5234375
1.494140625
1.518554688
1.50390625
1.508789063
1.508789063
1.508789063
1.5234375
1.533203125
1.538085938
1.54296875
1.538085938
1.552734375
1.552734375
1.552734375
1.557617188
1.552734375
1.557617188
1.557617188
1.54296875
1.552734375
1.54296875
1.538085938
1.54296875
1.5234375
1.533203125
1.528320313
1.513671875
1.533203125
1.528320313
1.538085938
1.577148438
1.596679688
1.665039063
1.71875
1.791992188
1.875
1.948242188
2.036132813
2.099609375
2.153320313
2.1875
2.202148438
2.211914063
2.20703125
2.182617188
2.16796875
2.153320313
2.124023438
2.109375
2.080078125
2.075195313
2.05078125
2.026367188
2.021484375
1.9921875
1.953125
1.918945313
1.875
1.840820313
1.796875
1.7578125
1.723632813
1.684570313
1.665039063
1.645507813
1.625976563
1.630859375
1.611328125
1.611328125
1.616210938
1.611328125
1.616210938
1.616210938
1.611328125
1.616210938
1.606445313
1.6015625
1.6015625
1.586914063
1.591796875
1.577148438
1.567382813
1.572265625
1.547851563
1.54296875
1.5234375
1.518554688
1.5234375
1.508789063
1.513671875
1.50390625
1.484375
1.494140625
1.474609375
1.469726563
1.479492188
1.455078125
1.484375
1.489257813
1.46484375
1.50390625
1.508789063
1.518554688
1.5234375
1.50390625
1.513671875
1.499023438
1.50390625
1.50390625
1.489257813
1.50390625
1.508789063
1.499023438
1.494140625
1.479492188
1.484375
1.479492188
1.46484375
1.474609375
1.479492188
1.469726563
1.494140625
1.474609375
1.494140625
1.494140625
1.479492188
1.479492188
1.479492188
1.46484375
1.479492188
1.459960938
1.474609375
1.46484375
1.474609375
1.474609375
1.474609375
1.484375
1.479492188
1.474609375
1.479492188
1.474609375
1.474609375
1.479492188
1.46484375
1.484375
1.479492188
1.469726563
1.479492188
1.459960938
1.469726563
1.474609375
1.46484375
1.479492188
1.469726563
1.479492188
1.479492188
1.469726563
1.484375
1.474609375
1.46484375
1.474609375
1.46484375
1.474609375
1.484375
1.46484375
1.489257813
1.499023438
1.508789063
1.54296875
1.577148438
1.640625
1.694335938
1.762695313
1.8359375
1.879882813
1.938476563
1.9921875
2.006835938
2.041015625
2.041015625
2.036132813
2.026367188
1.997070313
1.987304688
1.943359375
1.918945313
1.89453125
1.870117188
1.85546875
1.840820313
1.821289063
1.811523438
1.787109375
1.77734375
1.7578125
1.713867188
1.704101563
1.6796875
1.640625
1.640625
1.62109375
1.62109375
1.616210938
1.6015625
1.6015625
1.591796875
1.596679688
1.611328125
1.596679688
1.62109375
1.616210938
1.606445313
1.606445313
1.6015625
1.591796875
1.58203125
1.557617188
1.567382813
1.54296875
1.54296875
1.538085938
1.5234375
1.528320313
1.518554688
1.513671875
1.508789063
1.499023438
1.499023438
1.499023438
1.479492188
1.489257813
1.484375
1.479492188
1.484375
1.479492188
1.484375
1.479492188
1.459960938
1.469726563
1.46484375
1.469726563
1.469726563
1.450195313
1.46484375
1.455078125
1.450195313
1.459960938
1.450195313
1.459960938
1.46484375
1.459960938
1.46484375
1.46484375
1.469726563
1.469726563
1.459960938
1.469726563
1.46484375
1.474609375
1.479492188
1.459960938
1.474609375
1.474609375
1.459960938
1.474609375
1.474609375
1.474609375
1.479492188
1.479492188
1.499023438
1.499023438
1.494140625
1.513671875
1.50390625
1.518554688
1.518554688
1.508789063
1.5234375
1.513671875
1.518554688
1.54296875
1.54296875
1.577148438
1.596679688
1.625976563
1.684570313
1.723632813
1.767578125
1.811523438
1.850585938
1.889648438
1.899414063
1.904296875
1.899414063
1.889648438
1.889648438
1.879882813
1.870117188
1.860351563
1.845703125
1.840820313
1.821289063
1.796875
1.772460938
1.748046875
1.73828125
1.713867188
1.694335938
1.694335938
1.674804688
1.655273438
1.655273438
1.640625
1.645507813
1.640625
1.635742188
1.650390625
1.640625
1.640625
1.640625
1.630859375
1.630859375
1.625976563
1.606445313
1.616210938
1.606445313
1.596679688
1.6015625
1.58203125
1.596679688
1.586914063
1.577148438
1.577148438
1.557617188
1.5625
1.552734375
1.533203125
1.54296875
1.5234375
1.5234375
1.533203125
1.5234375
1.538085938
1.5234375
1.528320313
1.533203125
1.513671875
1.5234375
1.528320313
1.5234375
1.533203125
1.533203125
1.538085938
1.547851563
1.528320313
1.552734375
1.538085938
1.538085938
1.533203125
1.518554688
1.5234375
1.513671875
1.50390625
1.508789063
1.518554688
1.513671875
1.518554688
1.508789063
1.513671875
1.518554688
1.518554688
1.5234375
1.518554688
1.533203125
1.528320313
1.528320313
1.533203125
1.5234375
1.5234375
1.5234375
1.50390625
1.5234375
1.518554688
1.508789063
1.518554688
1.50390625
1.513671875
1.508789063
1.499023438
1.50390625
1.513671875
1.513671875
1.5234375
1.533203125
1.567382813
1.591796875
1.645507813
1.689453125
1.748046875
1.801757813
1.860351563
1.89453125
1.938476563
1.958007813
1.977539063
2.001953125
1.987304688
1.997070313
1.982421875
1.97265625
1.958007813
1.928710938
1.918945313
1.909179688
1.889648438
1.884765625
1.865234375
1.850585938
1.840820313
1.811523438
1.806640625
1.77734375
1.762695313
1.728515625
1.708984375
1.713867188
1.723632813
1.71875
1.73828125
1.733398438
1.73828125
1.743164063
1.71875
1.723632813
1.708984375
1.6796875
1.6796875
1.66015625
1.635742188
1.625976563
1.596679688
1.6015625
1.591796875
1.586914063
1.591796875
1.572265625
1.567382813
1.547851563
1.513671875
1.499023438
1.46484375
1.440429688
1.420898438
1.381835938
1.38671875
1.376953125
1.381835938
1.396484375
1.401367188
1.450195313
1.484375
1.5234375
1.5625
1.596679688
1.625976563
1.645507813
1.640625
1.655273438
1.640625
1.635742188
1.625976563
1.596679688
1.567382813
1.538085938
1.50390625
1.489257813
1.455078125
1.440429688
1.440429688
1.416015625
1.435546875
1.4453125
1.46484375
1.489257813
1.494140625
1.528320313
1.533203125
1.557617188
1.577148438
1.577148438
1.591796875
1.591796875
1.5625
1.567382813
1.54296875
1.518554688
1.513671875
1.479492188
1.459960938
1.4453125
