1.7578125
1.787109375
1.806640625
1.821289063
1.821289063
1.821289063
1.811523438
1.796875
1.782226563
1.772460938
1.748046875
1.728515625
1.69921875
1.674804688
1.645507813
1.640625
1.630859375
1.625976563
1.62109375
1.62109375
1.62109375
1.62109375
1.616210938
1.611328125
1.6015625
1.606445313
1.596679688
1.591796875
1.591796875
1.596679688
1.606445313
1.625976563
1.650390625
1.674804688
1.704101563
1.733398438
1.7578125
1.806640625
1.821289063
1.806640625
1.81640625
1.81640625
1.806640625
1.796875
1.782226563
1.762695313
1.743164063
1.723632813
1.708984375
1.69921875
1.684570313
1.674804688
1.66015625
1.655273438
1.655273438
1.650390625
1.645507813
1.645507813
1.645507813
1.650390625
1.640625
1.640625
1.640625
1.640625
1.640625
1.630859375
1.635742188
1.625976563
1.630859375
1.640625
1.665039063
1.689453125
1.723632813
1.748046875
1.77734375
1.791992188
1.811523438
1.826171875
1.821289063
1.81640625
1.801757813
1.791992188
1.767578125
1.752929688
1.73828125
1.723632813
1.704101563
1.684570313
1.6796875
1.669921875
1.665039063
1.650390625
1.645507813
1.62109375
1.611328125
1.606445313
1.606445313
1.596679688
1.586914063
1.577148438
1.572265625
1.5625
1.5625
1.552734375
1.552734375
1.557617188
1.567382813
1.586914063
1.611328125
1.635742188
1.66015625
1.694335938
1.713867188
1.733398438
1.752929688
1.772460938
1.77734375
1.77734375
1.77734375
1.7578125
1.752929688
1.743164063
1.723632813
1.708984375
1.694335938
1.6796875
1.669921875
1.655273438
1.645507813
1.630859375
1.616210938
1.606445313
1.591796875
1.58203125
1.572265625
1.577148438
1.577148438
1.572265625
1.58203125
1.591796875
1.596679688
1.62109375
1.630859375
1.640625
1.645507813
1.665039063
1.6796875
1.689453125
1.69921875
1.713867188
1.728515625
1.743164063
1.743164063
1.743164063
1.743164063
1.743164063
1.73828125
1.733398438
1.728515625
1.713867188
1.704101563
1.689453125
1.684570313
1.665039063
1.650390625
1.645507813
1.645507813
1.645507813
1.640625
1.645507813
1.645507813
1.645507813
1.650390625
1.640625
1.645507813
1.640625
1.635742188
1.625976563
1.630859375
1.616210938
1.611328125
1.606445313
1.611328125
1.62109375
1.645507813
1.66015625
1.689453125
1.708984375
1.728515625
1.73828125
1.743164063
1.743164063
1.743164063
1.73828125
1.71875
1.713867188
1.689453125
1.665039063
1.645507813
1.630859375
1.606445313
1.6015625
1.586914063
1.577148438
1.567382813
1.567382813
1.5625
1.557617188
1.567382813
1.572265625
1.58203125
1.596679688
1.606445313
1.606445313
1.616210938
1.62109375
1.625976563
1.625976563
1.630859375
1.630859375
1.630859375
1.640625
1.669921875
1.694335938
1.71875
1.752929688
1.77734375
1.801757813
1.81640625
1.811523438
1.81640625
1.801757813
1.782226563
1.772460938
1.7578125
1.733398438
1.708984375
1.689453125
1.674804688
1.650390625
1.635742188
1.625976563
1.611328125
1.6015625
1.591796875
1.577148438
1.586914063
1.572265625
1.577148438
1.586914063
1.572265625
1.577148438
1.577148438
1.58203125
1.591796875
1.591796875
1.6015625
1.616210938
1.635742188
1.66015625
1.689453125
1.71875
1.748046875
1.767578125
1.791992188
1.806640625
1.826171875
1.826171875
1.826171875
1.811523438
1.796875
1.77734375
1.7578125
1.728515625
1.708984375
1.6796875
1.66015625
1.640625
1.625976563
1.606445313
1.596679688
1.596679688
1.58203125
1.58203125
1.577148438
1.58203125
1.58203125
1.58203125
1.591796875
1.596679688
1.606445313
1.616210938
1.62109375
1.62109375
1.630859375
1.645507813
1.669921875
1.694335938
1.723632813
1.743164063
1.77734375
1.796875
1.821289063
1.8359375
1.8359375
1.8359375
1.826171875
1.81640625
1.796875
1.782226563
1.762695313
1.743164063
1.71875
1.694335938
1.6796875
1.645507813
1.635742188
1.616210938
1.596679688
1.586914063
1.577148438
1.5625
1.567382813
1.557617188
1.5625
1.567382813
1.567382813
1.567382813
1.557617188
1.547851563
1.5625
1.557617188
1.567382813
1.586914063
1.62109375
1.640625
1.674804688
1.713867188
1.743164063
1.772460938
1.801757813
1.81640625
1.826171875
1.821289063
1.81640625
1.811523438
1.796875
1.782226563
1.762695313
1.73828125
1.708984375
1.6796875
1.650390625
1.62109375
1.606445313
1.596679688
1.577148438
1.572265625
1.577148438
1.577148438
1.577148438
1.577148438
1.58203125
1.58203125
1.58203125
1.586914063
1.58203125
1.572265625
1.577148438
1.58203125
1.591796875
1.6015625
1.62109375
1.655273438
1.684570313
1.728515625
1.7578125
1.787109375
1.806640625
1.81640625
1.831054688
1.8359375
1.826171875
1.801757813
1.787109375
1.7578125
1.73828125
1.708984375
1.689453125
1.665039063
1.650390625
1.630859375
1.611328125
1.606445313
1.596679688
1.596679688
1.596679688
1.596679688
1.606445313
1.596679688
1.606445313
1.611328125
1.606445313
1.611328125
1.606445313
1.611328125
1.611328125
1.611328125
1.62109375
1.630859375
1.655273438
1.689453125
1.71875
1.752929688
1.782226563
1.811523438
1.8359375
1.845703125
1.865234375
1.870117188
1.865234375
1.845703125
1.81640625
1.796875
1.767578125
1.743164063
1.71875
1.69921875
1.665039063
1.650390625
1.630859375
1.606445313
1.586914063
1.577148438
1.572265625
1.557617188
1.5625
1.5625
1.5625
1.567382813
1.567382813
1.572265625
1.577148438
1.577148438
1.58203125
1.586914063
1.6015625
1.611328125
1.645507813
1.689453125
1.723632813
1.772460938
1.811523438
1.850585938
1.884765625
1.899414063
1.9140625
1.909179688
1.899414063
1.889648438
1.860351563
1.831054688
1.801757813
1.767578125
1.733398438
1.708984375
1.674804688
1.645507813
1.625976563
1.6015625
1.591796875
1.572265625
1.557617188
1.557617188
1.5625
1.5625
1.5625
1.572265625
1.572265625
1.577148438
1.591796875
1.586914063
1.596679688
1.6015625
1.616210938
1.635742188
1.66015625
1.694335938
1.73828125
1.791992188
1.826171875
1.865234375
1.884765625
1.909179688
1.9140625
1.909179688
1.89453125
1.870117188
1.831054688
1.801757813
1.772460938
1.728515625
1.689453125
1.650390625
1.616210938
1.586914063
1.557617188
1.538085938
1.518554688
1.513671875
1.508789063
1.508789063
1.508789063
1.513671875
1.5234375
1.538085938
1.557617188
1.567382813
1.58203125
1.591796875
1.596679688
1.611328125
1.611328125
1.616210938
1.625976563
1.655273438
1.684570313
1.71875
1.743164063
1.782226563
1.801757813
1.826171875
1.850585938
1.860351563
1.85546875
1.845703125
1.8359375
1.81640625
1.791992188
1.752929688
1.71875
1.69921875
1.66015625
1.635742188
1.606445313
1.586914063
1.58203125
1.577148438
1.572265625
1.567382813
1.577148438
1.567382813
1.572265625
1.572265625
1.577148438
1.577148438
1.577148438
1.572265625
1.567382813
1.572265625
1.572265625
1.586914063
1.606445313
1.640625
1.674804688
1.71875
1.762695313
1.806640625
1.845703125
1.879882813
1.904296875
1.9140625
1.9140625
1.909179688
1.889648438
1.875
1.840820313
1.806640625
1.772460938
1.733398438
1.69921875
1.665039063
1.625976563
1.591796875
1.5625
1.547851563
1.528320313
1.518554688
1.518554688
1.518554688
1.533203125
1.54296875
1.547851563
1.5625
1.577148438
1.586914063
1.596679688
1.6015625
1.611328125
1.62109375
1.635742188
1.655273438
1.684570313
1.708984375
1.748046875
1.782226563
1.81640625
1.85546875
1.879882813
1.904296875
1.923828125
1.918945313
1.904296875
1.89453125
1.875
1.850585938
1.821289063
1.791992188
1.7578125
1.723632813
1.6796875
1.640625
1.611328125
1.58203125
1.552734375
1.533203125
1.518554688
1.518554688
1.518554688
1.518554688
1.5234375
1.528320313
1.547851563
1.552734375
1.5625
1.5625
1.572265625
1.591796875
1.6015625
1.630859375
1.66015625
1.704101563
1.7578125
1.801757813
1.850585938
1.884765625
1.9140625
1.93359375
1.948242188
1.948242188
1.948242188
1.93359375
1.918945313
1.889648438
1.850585938
1.81640625
1.772460938
1.728515625
1.694335938
1.66015625
1.62109375
1.586914063
1.5625
1.5234375
1.513671875
1.494140625
1.489257813
1.479492188
1.484375
1.50390625
1.5234375
1.533203125
1.557617188
1.567382813
1.577148438
1.586914063
1.591796875
1.6015625
1.616210938
1.630859375
1.66015625
1.689453125
1.733398438
1.772460938
1.811523438
1.850585938
1.889648438
1.9140625
1.93359375
1.938476563
1.923828125
1.89453125
1.875
1.8359375
1.787109375
1.733398438
1.694335938
1.66015625
1.625976563
1.591796875
1.5625
1.533203125
1.5234375
1.50390625
1.499023438
1.494140625
1.489257813
1.489257813
1.494140625
1.494140625
1.508789063
1.513671875
1.5234375
1.528320313
1.528320313
1.528320313
1.533203125
1.538085938
1.552734375
1.577148438
1.611328125
1.650390625
1.704101563
1.762695313
1.81640625
1.865234375
1.899414063
1.928710938
1.93359375
1.928710938
1.9140625
1.884765625
1.85546875
1.821289063
1.767578125
1.71875
1.684570313
1.635742188
1.6015625
1.567382813
1.538085938
1.513671875
1.508789063
1.50390625
1.499023438
1.50390625
1.508789063
1.518554688
1.528320313
1.533203125
1.538085938
1.547851563
1.557617188
1.557617188
1.552734375
1.557617188
1.5625
1.572265625
1.577148438
1.6015625
1.635742188
1.674804688
1.723632813
1.767578125
1.81640625
1.860351563
1.89453125
1.923828125
1.928710938
1.928710938
1.923828125
1.89453125
1.870117188
1.840820313
1.796875
1.762695313
1.723632813
1.694335938
1.655273438
1.625976563
1.596679688
1.567382813
1.552734375
1.533203125
1.518554688
1.513671875
1.508789063
1.50390625
1.513671875
1.513671875
1.5234375
1.528320313
1.54296875
1.557617188
1.557617188
1.5625
1.572265625
1.577148438
1.596679688
1.616210938
1.655273438
1.694335938
1.73828125
1.791992188
1.840820313
1.879882813
1.923828125
1.948242188
1.962890625
1.953125
1.938476563
1.918945313
1.889648438
1.85546875
1.81640625
1.767578125
1.723632813
1.684570313
1.645507813
1.611328125
1.58203125
1.5625
1.54296875
1.5234375
1.50390625
1.489257813
1.484375
1.479492188
1.479492188
1.489257813
1.508789063
1.5234375
1.538085938
1.5625
1.572265625
1.58203125
1.58203125
1.596679688
1.596679688
1.616210938
1.640625
1.674804688
1.723632813
1.77734375
1.826171875
1.870117188
1.909179688
1.928710938
1.938476563
1.938476563
1.928710938
1.9140625
1.879882813
1.850585938
1.811523438
1.77734375
1.73828125
1.708984375
1.669921875
1.640625
1.6015625
1.58203125
1.552734375
1.533203125
1.5234375
1.513671875
1.513671875
1.50390625
1.50390625
1.508789063
1.508789063
1.513671875
1.518554688
1.518554688
1.528320313
1.54296875
1.547851563
1.557617188
1.5625
1.577148438
1.591796875
1.62109375
1.66015625
1.713867188
1.7578125
1.806640625
1.845703125
1.884765625
1.909179688
1.918945313
1.918945313
1.904296875
1.884765625
1.860351563
1.826171875
1.796875
1.7578125
1.71875
1.689453125
1.650390625
1.611328125
1.591796875
1.567382813
1.54296875
1.528320313
1.513671875
1.508789063
1.499023438
1.499023438
1.494140625
1.499023438
1.50390625
1.513671875
1.533203125
1.538085938
1.547851563
1.557617188
1.567382813
1.572265625
1.577148438
1.586914063
1.591796875
1.6015625
1.62109375
1.655273438
1.689453125
1.728515625
1.767578125
1.801757813
1.8359375
1.875
1.884765625
1.899414063
1.889648438
1.884765625
1.860351563
1.8359375
1.806640625
1.782226563
1.743164063
1.713867188
1.674804688
1.645507813
1.611328125
1.58203125
1.5625
1.533203125
1.5234375
1.513671875
1.50390625
1.508789063
1.518554688
1.528320313
1.547851563
1.557617188
1.5625
1.572265625
1.586914063
1.591796875
1.6015625
1.6015625
1.606445313
1.606445313
1.611328125
1.625976563
1.645507813
1.689453125
1.71875
1.762695313
1.81640625
1.85546875
1.889648438
1.918945313
1.928710938
1.923828125
1.9140625
1.899414063
1.875
1.840820313
1.796875
1.762695313
1.71875
1.6796875
1.645507813
1.611328125
1.58203125
1.552734375
1.5234375
1.499023438
1.489257813
1.484375
1.489257813
1.499023438
1.513671875
1.528320313
1.533203125
1.552734375
1.567382813
1.572265625
1.58203125
1.58203125
1.586914063
1.596679688
1.591796875
1.596679688
1.611328125
1.640625
1.669921875
1.713867188
1.752929688
1.811523438
1.860351563
1.889648438
1.918945313
1.943359375
1.943359375
1.93359375
1.918945313
1.899414063
1.85546875
1.806640625
1.752929688
1.713867188
1.669921875
1.630859375
1.586914063
1.557617188
1.533203125
1.518554688
1.499023438
1.489257813
1.489257813
1.489257813
1.484375
1.484375
1.499023438
1.50390625
1.508789063
1.5234375
1.533203125
1.54296875
1.547851563
1.5625
1.567382813
1.572265625
1.586914063
1.606445313
1.62109375
1.655273438
1.708984375
1.752929688
1.806640625
1.860351563
1.899414063
1.928710938
1.953125
1.953125
1.938476563
1.899414063
1.879882813
1.845703125
1.806640625
1.772460938
1.723632813
1.6796875
1.645507813
1.606445313
1.58203125
1.547851563
1.533203125
1.513671875
1.499023438
1.50390625
1.489257813
1.499023438
1.499023438
1.499023438
1.499023438
1.518554688
1.5234375
1.528320313
1.528320313
1.528320313
1.5234375
1.513671875
1.513671875
1.5234375
1.528320313
1.547851563
1.58203125
1.616210938
1.674804688
1.73828125
1.806640625
1.865234375
1.909179688
1.948242188
1.967773438
1.977539063
1.97265625
1.953125
1.918945313
1.879882813
1.831054688
1.787109375
1.728515625
1.6796875
1.625976563
1.586914063
1.552734375
1.5234375
1.489257813
1.474609375
1.459960938
1.4453125
1.440429688
1.4453125
1.435546875
1.450195313
1.450195313
1.455078125
1.46484375
1.484375
1.484375
1.494140625
1.494140625
1.499023438
1.508789063
1.508789063
1.508789063
1.5234375
1.552734375
1.586914063
1.625976563
1.689453125
1.752929688
1.801757813
1.85546875
1.899414063
1.923828125
1.93359375
1.928710938
1.909179688
1.879882813
1.850585938
1.811523438
1.767578125
1.723632813
1.6796875
1.640625
1.606445313
1.577148438
1.547851563
1.513671875
1.494140625
1.474609375
1.459960938
1.450195313
1.450195313
1.455078125
1.455078125
1.46484375
1.479492188
1.494140625
1.508789063
1.518554688
1.533203125
1.538085938
1.533203125
1.528320313
1.528320313
1.533203125
1.5234375
1.5234375
1.528320313
1.547851563
1.577148438
1.625976563
1.684570313
1.743164063
1.791992188
1.845703125
1.889648438
1.9140625
1.93359375
1.918945313
1.89453125
1.860351563
1.821289063
1.77734375
1.73828125
1.69921875
1.655273438
1.616210938
1.586914063
1.557617188
1.528320313
1.508789063
1.479492188
1.469726563
1.459960938
1.450195313
1.455078125
1.46484375
1.479492188
1.499023438
1.508789063
1.5234375
1.533203125
1.538085938
1.54296875
1.552734375
1.552734375
1.557617188
1.547851563
1.547851563
1.552734375
1.547851563
1.552734375
1.5625
1.591796875
1.630859375
1.669921875
1.728515625
1.77734375
1.821289063
1.860351563
1.889648438
1.9140625
1.928710938
1.918945313
1.89453125
1.870117188
1.826171875
1.791992188
1.743164063
1.694335938
1.650390625
1.6015625
1.567382813
1.533203125
1.508789063
1.484375
1.469726563
1.455078125
1.459960938
1.455078125
1.459960938
1.46484375
1.484375
1.499023438
1.50390625
1.513671875
1.528320313
1.528320313
1.54296875
1.557617188
1.5625
1.5625
1.557617188
1.552734375
1.54296875
1.54296875
1.54296875
1.5625
1.586914063
1.630859375
1.674804688
1.723632813
1.762695313
1.791992188
1.81640625
1.821289063
1.840820313
1.826171875
1.821289063
1.801757813
1.762695313
1.73828125
1.689453125
1.650390625
1.606445313
1.567382813
1.528320313
1.489257813
1.46484375
1.4453125
1.435546875
1.420898438
1.420898438
1.42578125
1.430664063
1.440429688
1.440429688
1.4453125
1.459960938
1.474609375
1.494140625
1.508789063
1.5234375
1.538085938
1.54296875
1.547851563
1.547851563
1.557617188
1.577148438
1.596679688
1.640625
1.69921875
1.748046875
1.811523438
1.865234375
1.9140625
1.943359375
1.958007813
1.967773438
1.953125
1.928710938
1.889648438
1.840820313
1.791992188
1.748046875
1.689453125
1.650390625
1.6015625
1.552734375
1.518554688
1.479492188
1.455078125
1.430664063
1.420898438
1.411132813
1.411132813
1.416015625
1.42578125
1.435546875
1.450195313
1.469726563
1.479492188
1.489257813
1.499023438
1.50390625
1.513671875
1.508789063
1.518554688
1.513671875
1.518554688
1.538085938
1.572265625
1.611328125
1.665039063
1.733398438
1.791992188
1.85546875
1.9140625
1.953125
1.977539063
1.9921875
1.987304688
1.958007813
1.928710938
1.884765625
1.8359375
1.791992188
1.73828125
1.689453125
1.645507813
1.606445313
1.567382813
1.5234375
1.489257813
1.459960938
1.435546875
1.416015625
1.40625
1.411132813
1.420898438
1.430664063
1.435546875
1.450195313
1.459960938
1.469726563
1.484375
1.489257813
1.494140625
1.499023438
1.494140625
1.499023438
1.499023438
1.513671875
1.513671875
1.538085938
1.572265625
1.62109375
1.669921875
1.728515625
1.796875
1.85546875
1.89453125
1.928710938
1.948242188
1.948242188
1.938476563
1.904296875
1.875
1.81640625
1.77734375
1.713867188
1.669921875
1.616210938
1.567382813
1.538085938
1.499023438
1.469726563
1.440429688
1.420898438
1.411132813
1.40625
1.401367188
1.411132813
1.411132813
1.416015625
1.430664063
1.450195313
1.46484375
1.479492188
1.494140625
1.499023438
1.508789063
1.508789063
1.513671875
1.5234375
1.5234375
1.528320313
1.54296875
1.567382813
1.586914063
1.645507813
1.69921875
1.762695313
1.831054688
1.89453125
1.938476563
1.977539063
1.997070313
1.9921875
1.982421875
1.948242188
1.9140625
1.85546875
1.811523438
1.752929688
1.69921875
1.645507813
1.6015625
1.547851563
1.50390625
1.474609375
1.455078125
1.440429688
1.430664063
1.42578125
1.42578125
1.42578125
1.435546875
1.455078125
1.459960938
1.474609375
1.494140625
1.513671875
1.5234375
1.538085938
1.552734375
1.557617188
1.567382813
1.5625
1.577148438
1.577148438
1.591796875
1.611328125
1.640625
1.684570313
1.73828125
1.791992188
1.845703125
1.904296875
1.948242188
1.977539063
1.987304688
1.982421875
1.967773438
1.948242188
1.9140625
1.879882813
1.831054688
1.77734375
1.728515625
1.6796875
1.635742188
1.591796875
1.552734375
1.518554688
1.499023438
1.479492188
1.46484375
1.450195313
1.450195313
1.440429688
1.4453125
1.450195313
1.459960938
1.474609375
1.489257813
1.50390625
1.518554688
1.533203125
1.552734375
1.5625
1.572265625
1.572265625
1.586914063
1.611328125
1.635742188
1.6796875
1.73828125
1.806640625
1.870117188
1.923828125
1.967773438
2.01171875
2.041015625
2.045898438
2.036132813
2.01171875
1.977539063
1.93359375
1.884765625
1.831054688
1.772460938
1.71875
1.66015625
1.606445313
1.5625
1.518554688
1.484375
1.455078125
1.435546875
1.430664063
1.416015625
1.416015625
1.416015625
1.430664063
1.4453125
1.474609375
1.494140625
1.513671875
1.528320313
1.54296875
1.5625
1.572265625
1.572265625
1.577148438
1.58203125
1.596679688
1.630859375
1.665039063
1.723632813
1.791992188
1.860351563
1.938476563
1.997070313
2.055664063
2.084960938
2.104492188
2.08984375
2.065429688
2.026367188
1.977539063
1.918945313
1.860351563
1.811523438
1.7578125
1.708984375
1.655273438
1.616210938
1.58203125
1.547851563
1.508789063
1.484375
1.479492188
1.469726563
1.479492188
1.474609375
1.499023438
1.508789063
1.5234375
1.513671875
1.533203125
1.538085938
1.557617188
1.567382813
1.572265625
1.577148438
1.572265625
1.572265625
1.577148438
1.577148438
1.606445313
1.630859375
1.665039063
1.723632813
1.791992188
1.860351563
1.918945313
1.967773438
1.9921875
2.01171875
2.016601563
2.006835938
1.982421875
1.948242188
1.904296875
1.85546875
1.801757813
1.743164063
1.689453125
1.625976563
1.577148438
1.538085938
1.499023438
1.469726563
1.4453125
1.435546875
1.420898438
1.420898438
1.420898438
1.430664063
1.435546875
1.440429688
1.450195313
1.469726563
1.484375
1.50390625
1.513671875
1.533203125
1.538085938
1.547851563
1.552734375
1.547851563
1.547851563
1.552734375
1.5625
1.591796875
1.635742188
1.689453125
1.752929688
1.831054688
1.899414063
1.958007813
2.001953125
2.026367188
2.041015625
2.026367188
2.016601563
1.982421875
1.958007813
1.918945313
1.865234375
1.811523438
1.743164063
1.689453125
1.635742188
1.577148438
1.538085938
1.508789063
1.474609375
1.459960938
1.450195313
1.4453125
1.450195313
1.455078125
1.474609375
1.479492188
1.50390625
1.508789063
1.5234375
1.533203125
1.538085938
1.547851563
1.557617188
1.5625
1.5625
1.5625
1.5625
1.567382813
1.5625
1.5625
1.552734375
1.5625
1.586914063
1.616210938
1.655273438
1.728515625
1.796875
1.865234375
1.93359375
1.977539063
2.016601563
2.026367188
2.021484375
2.01171875
1.9921875
1.953125
1.909179688
1.860351563
1.801757813
1.748046875
1.684570313
1.630859375
1.5625
1.5234375
1.474609375
1.435546875
1.416015625
1.40625
1.40625
1.416015625
1.420898438
1.440429688
1.455078125
1.474609375
1.479492188
1.499023438
1.5234375
1.533203125
1.54296875
1.5625
1.567382813
1.567382813
1.572265625
1.567382813
1.557617188
1.547851563
1.538085938
1.533203125
1.533203125
1.528320313
1.5234375
1.54296875
1.572265625
1.616210938
1.6796875
1.748046875
1.826171875
1.89453125
1.943359375
1.9921875
2.021484375
2.016601563
2.01171875
1.987304688
1.943359375
1.89453125
1.826171875
1.772460938
1.704101563
1.645507813
1.586914063
1.533203125
1.484375
1.450195313
1.416015625
1.381835938
1.372070313
1.362304688
1.376953125
1.38671875
1.401367188
1.420898438
1.450195313
1.479492188
1.50390625
1.533203125
1.547851563
1.567382813
1.577148438
1.577148438
1.58203125
1.577148438
1.577148438
1.567382813
1.557617188
1.547851563
1.538085938
1.5234375
1.513671875
1.50390625
1.484375
1.46484375
1.455078125
1.459960938
1.484375
1.5234375
1.58203125
1.650390625
1.728515625
1.796875
1.870117188
1.923828125
1.958007813
1.97265625
1.977539063
1.967773438
1.943359375
1.909179688
1.860351563
1.806640625
1.73828125
1.674804688
1.62109375
1.5625
1.508789063
1.455078125
1.416015625
1.381835938
1.352539063
1.328125
1.323242188
1.318359375
1.323242188
1.323242188
1.337890625
1.362304688
1.3671875
1.391601563
1.401367188
1.40625
1.420898438
1.42578125
1.42578125
1.420898438
1.416015625
1.42578125
1.430664063
1.430664063
1.430664063
1.430664063
1.435546875
1.420898438
1.42578125
1.420898438
1.416015625
1.411132813
1.40625
1.40625
1.411132813
1.40625
1.411132813
1.416015625
1.440429688
1.484375
1.54296875
1.611328125
1.684570313
1.748046875
1.821289063
1.875
1.899414063
1.9140625
1.899414063
1.875
1.826171875
1.772460938
1.704101563
1.640625
1.572265625
1.50390625
1.440429688
1.396484375
1.352539063
1.318359375
1.298828125
1.284179688
1.274414063
1.284179688
1.2890625
1.303710938
1.328125
1.34765625
1.362304688
1.38671875
1.401367188
1.430664063
1.440429688
1.459960938
1.479492188
1.484375
1.494140625
1.484375
1.494140625
1.479492188
1.484375
1.469726563
1.469726563
1.459960938
1.455078125
1.455078125
1.450195313
1.4453125
1.435546875
1.42578125
1.420898438
1.420898438
1.420898438
1.40625
1.411132813
1.430664063
1.4453125
1.489257813
1.54296875
1.606445313
1.669921875
1.733398438
1.791992188
1.8359375
1.860351563
1.875
1.860351563
1.8359375
1.791992188
1.73828125
1.684570313
1.62109375
1.567382813
1.5234375
1.469726563
1.430664063
1.411132813
1.381835938
1.372070313
1.357421875
1.357421875
1.362304688
1.372070313
1.381835938
1.401367188
1.420898438
1.435546875
1.455078125
1.459960938
1.474609375
1.489257813
1.499023438
1.508789063
1.508789063
1.513671875
1.513671875
1.513671875
1.513671875
1.518554688
1.508789063
1.499023438
1.499023438
1.499023438
1.508789063
1.538085938
1.572265625
1.62109375
1.669921875
1.728515625
1.77734375
1.821289063
1.860351563
1.884765625
1.879882813
1.879882813
1.850585938
1.81640625
1.77734375
1.71875
1.66015625
1.611328125
1.557617188
1.508789063
1.469726563
1.430664063
1.401367188
1.372070313
1.352539063
1.352539063
1.333007813
1.337890625
1.342773438
1.352539063
1.3671875
1.372070313
1.381835938
1.401367188
1.40625
1.416015625
1.420898438
1.430664063
1.435546875
1.4453125
1.450195313
1.450195313
1.459960938
1.474609375
1.479492188
1.479492188
1.484375
1.499023438
1.528320313
1.577148438
1.640625
1.69921875
1.782226563
1.840820313
1.89453125
1.938476563
1.962890625
1.967773438
1.953125
1.93359375
1.899414063
1.850585938
1.796875
1.73828125
1.6796875
1.630859375
1.577148438
1.538085938
1.499023438
1.474609375
1.4453125
1.42578125
1.411132813
1.40625
1.391601563
1.391601563
1.38671875
1.396484375
1.391601563
1.40625
1.416015625
1.42578125
1.430664063
1.440429688
1.450195313
1.455078125
1.459960938
1.46484375
1.46484375
1.46484375
1.469726563
1.469726563
1.474609375
1.489257813
1.508789063
1.538085938
1.58203125
1.635742188
1.694335938
1.752929688
1.811523438
1.860351563
1.89453125
1.909179688
1.9140625
1.89453125
1.870117188
1.826171875
1.787109375
1.73828125
1.689453125
1.645507813
1.591796875
1.54296875
1.50390625
1.459960938
1.435546875
1.40625
1.391601563
1.391601563
1.38671875
1.401367188
1.40625
1.40625
1.416015625
1.420898438
1.416015625
1.420898438
1.42578125
1.430664063
1.42578125
1.440429688
1.450195313
1.450195313
1.46484375
1.459960938
1.474609375
1.479492188
1.489257813
1.499023438
1.518554688
1.5625
1.611328125
1.669921875
1.733398438
1.787109375
1.840820313
1.889648438
1.923828125
1.943359375
1.953125
1.953125
1.923828125
1.89453125
1.850585938
1.801757813
1.752929688
1.713867188
1.669921875
1.616210938
1.572265625
1.533203125
1.508789063
1.479492188
1.455078125
1.435546875
1.430664063
1.42578125
1.430664063
1.435546875
1.4453125
1.455078125
1.46484375
1.479492188
1.484375
1.494140625
1.499023438
1.50390625
1.508789063
1.518554688
1.518554688
1.533203125
1.538085938
1.547851563
1.5625
1.591796875
1.625976563
1.669921875
1.713867188
1.767578125
1.821289063
1.879882813
1.923828125
1.953125
1.967773438
1.962890625
1.962890625
1.928710938
1.889648438
1.85546875
1.806640625
1.762695313
1.708984375
1.66015625
1.62109375
1.577148438
1.54296875
1.508789063
1.474609375
1.450195313
1.435546875
1.42578125
1.420898438
1.420898438
1.42578125
1.42578125
1.440429688
1.450195313
1.469726563
1.484375
1.494140625
1.50390625
1.5234375
1.5234375
1.5234375
1.5234375
1.547851563
1.577148438
1.606445313
1.655273438
1.723632813
1.787109375
1.860351563
1.923828125
1.97265625
2.01171875
2.036132813
2.036132813
2.026367188
1.997070313
1.948242188
1.904296875
1.8359375
1.77734375
1.723632813
1.66015625
1.616210938
1.5625
1.5234375
1.489257813
1.459960938
1.440429688
1.420898438
1.416015625
1.411132813
1.416015625
1.416015625
1.42578125
1.440429688
1.459960938
1.484375
1.499023438
1.508789063
1.518554688
1.528320313
1.5234375
1.528320313
1.533203125
1.528320313
1.538085938
1.54296875
1.572265625
1.606445313
1.665039063
1.728515625
1.801757813
1.875
1.93359375
1.982421875
2.016601563
2.021484375
2.021484375
2.001953125
1.97265625
1.9140625
1.865234375
1.806640625
1.748046875
1.689453125
1.640625
1.591796875
1.54296875
1.499023438
1.46484375
1.430664063
1.40625
1.391601563
1.381835938
1.372070313
1.376953125
1.38671875
1.391601563
1.40625
1.416015625
1.420898438
1.440429688
1.450195313
1.46484375
1.474609375
1.479492188
1.479492188
1.474609375
1.479492188
1.469726563
1.474609375
1.489257813
1.518554688
1.557617188
1.625976563
1.689453125
1.762695313
1.840820313
1.909179688
1.962890625
1.9921875
1.909179688
1.889648438
1.875
1.840820313
1.791992188
1.73828125
1.674804688
1.62109375
1.557617188
1.508789063
1.455078125
1.40625
1.372070313
1.342773438
1.313476563
1.30859375
1.298828125
1.293945313
1.298828125
1.313476563
1.328125
1.328125
1.352539063
1.3671875
1.372070313
1.381835938
1.38671875
1.38671875
1.381835938
1.391601563
1.401367188
1.40625
1.420898438
1.435546875
1.455078125
1.455078125
1.484375
1.54296875
1.606445313
1.674804688
1.73828125
1.806640625
1.870117188
1.889648438
1.909179688
1.904296875
1.879882813
1.831054688
1.787109375
1.723632813
1.6796875
1.625976563
1.567382813
1.513671875
1.469726563
1.420898438
1.381835938
1.34765625
1.318359375
1.303710938
1.298828125
1.30859375
1.313476563
1.362304688
1.38671875
1.40625
1.430664063
1.450195313
1.484375
1.499023438
1.518554688
1.538085938
1.552734375
1.567382813
1.577148438
1.58203125
1.586914063
1.591796875
1.606445313
1.645507813
1.6796875
1.743164063
1.811523438
1.889648438
1.967773438
2.041015625
2.099609375
2.138671875
2.153320313
2.143554688
2.12890625
2.084960938
2.036132813
1.977539063
1.9140625
1.85546875
1.791992188
1.733398438
1.684570313
1.625976563
1.591796875
1.552734375
1.5234375
1.50390625
1.494140625
1.484375
1.474609375
1.469726563
1.469726563
1.46484375
1.474609375
1.479492188
1.484375
1.489257813
1.494140625
1.494140625
1.489257813
1.484375
1.489257813
1.479492188
1.474609375
1.484375
1.50390625
1.54296875
1.6015625
1.674804688
1.762695313
1.85546875
1.943359375
2.01171875
2.045898438
2.0703125
2.080078125
2.055664063
2.021484375
1.97265625
1.909179688
1.8359375
1.762695313
1.684570313
1.611328125
1.533203125
1.474609375
1.411132813
1.362304688
1.323242188
1.293945313
1.26953125
1.245117188
1.245117188
1.25
1.254882813
1.279296875
1.293945313
1.313476563
1.333007813
1.352539063
1.357421875
1.376953125
1.38671875
1.401367188
1.40625
1.416015625
1.40625
1.40625
1.411132813
1.411132813
1.435546875
1.46484375
1.528320313
1.596679688
1.694335938
1.782226563
1.865234375
1.923828125
1.982421875
2.016601563
2.021484375
2.001953125
1.962890625
1.909179688
1.850585938
1.782226563
1.708984375
1.640625
1.567382813
1.508789063
1.4453125
1.396484375
1.34765625
1.313476563
1.2890625
1.26953125
1.259765625
1.264648438
1.264648438
1.2890625
1.303710938
1.328125
1.362304688
1.381835938
1.396484375
1.416015625
1.430664063
1.4453125
1.455078125
1.469726563
1.479492188
1.479492188
1.479492188
1.474609375
1.46484375
1.459960938
1.459960938
1.474609375
1.508789063
1.5625
1.640625
1.71875
1.806640625
1.89453125
1.958007813
2.006835938
2.03125
2.036132813
2.006835938
1.967773438
1.904296875
1.831054688
1.762695313
1.684570313
1.611328125
1.533203125
1.474609375
1.420898438
1.376953125
1.337890625
1.318359375
1.2890625
1.279296875
1.274414063
1.2890625
1.303710938
1.313476563
1.337890625
1.357421875
1.376953125
1.401367188
1.42578125
1.435546875
1.450195313
1.459960938
1.469726563
1.469726563
1.46484375
1.46484375
1.455078125
1.455078125
1.440429688
1.450195313
1.474609375
1.513671875
1.58203125
1.66015625
1.743164063
1.840820313
1.923828125
1.997070313
2.036132813
2.060546875
2.060546875
2.036132813
1.987304688
1.923828125
1.860351563
1.782226563
1.704101563
1.611328125
1.54296875
1.469726563
1.40625
1.357421875
1.318359375
1.293945313
1.274414063
1.26953125
1.26953125
1.274414063
1.2890625
1.30859375
1.328125
1.352539063
1.3671875
1.372070313
1.376953125
1.381835938
1.38671875
1.396484375
1.396484375
1.391601563
1.391601563
1.396484375
1.376953125
1.38671875
1.396484375
1.420898438
1.46484375
1.547851563
1.630859375
1.723632813
1.831054688
1.9140625
2.001953125
2.05078125
2.099609375
2.104492188
2.08984375
2.05078125
1.997070313
1.928710938
1.85546875
1.762695313
1.674804688
1.591796875
1.50390625
1.440429688
1.372070313
1.323242188
1.26953125
1.235351563
1.2109375
1.196289063
1.19140625
1.196289063
1.206054688
1.23046875
1.245117188
1.264648438
1.2890625
1.298828125
1.323242188
1.333007813
1.357421875
1.362304688
1.3671875
1.376953125
1.381835938
1.3671875
1.372070313
1.357421875
1.352539063
1.352539063
1.357421875
1.376953125
1.42578125
1.489257813
1.58203125
1.6796875
1.787109375
1.884765625
1.967773438
2.03125
2.055664063
2.060546875
2.041015625
1.997070313
1.93359375
1.870117188
1.791992188
1.713867188
1.635742188
1.552734375
1.479492188
1.416015625
1.362304688
1.30859375
1.26953125
1.245117188
1.235351563
1.23046875
1.240234375
1.259765625
1.284179688
1.318359375
1.362304688
1.396484375
1.430664063
1.455078125
1.484375
1.518554688
1.533203125
1.547851563
1.5625
1.567382813
1.5625
1.567382813
1.547851563
1.54296875
1.528320313
1.5234375
1.5234375
1.538085938
1.577148438
1.640625
1.713867188
1.81640625
1.918945313
2.006835938
2.08984375
2.143554688
2.163085938
2.153320313
2.114257813
2.060546875
1.9921875
1.9140625
1.831054688
1.728515625
1.645507813
1.5625
1.479492188
1.411132813
1.34765625
1.303710938
1.254882813
1.23046875
1.220703125
1.215820313
1.215820313
1.225585938
1.25
1.264648438
1.2890625
1.30859375
1.333007813
1.342773438
1.352539063
1.3671875
1.362304688
1.3671875
1.357421875
1.342773438
1.337890625
1.337890625
1.323242188
1.318359375
1.313476563
1.323242188
1.34765625
1.396484375
1.469726563
1.557617188
1.674804688
1.801757813
1.909179688
2.021484375
2.094726563
2.143554688
2.143554688
2.12890625
2.084960938
2.021484375
1.948242188
1.860351563
1.7578125
1.655273438
1.5625
1.469726563
1.391601563
1.30859375
1.254882813
1.196289063
1.162109375
1.142578125
1.127929688
1.142578125
1.157226563
1.176757813
1.201171875
1.220703125
1.254882813
1.2890625
1.318359375
1.352539063
1.381835938
1.40625
1.420898438
1.435546875
1.440429688
1.440429688
1.435546875
1.435546875
1.440429688
1.435546875
1.4453125
1.455078125
1.479492188
1.508789063
1.552734375
1.616210938
1.708984375
1.806640625
1.904296875
2.006835938
2.084960938
2.133789063
2.153320313
2.153320313
2.114257813
2.065429688
1.987304688
1.904296875
1.811523438
1.71875
1.625976563
1.533203125
1.455078125
1.391601563
1.337890625
1.303710938
1.284179688
1.26953125
1.26953125
1.279296875
1.284179688
1.298828125
1.318359375
1.337890625
1.352539063
1.372070313
1.38671875
1.401367188
1.411132813
1.420898438
1.42578125
1.42578125
1.42578125
1.430664063
1.42578125
1.416015625
1.411132813
1.411132813
1.396484375
1.396484375
1.416015625
1.440429688
1.484375
1.5625
1.640625
1.743164063
1.840820313
1.948242188
2.026367188
2.075195313
2.099609375
2.104492188
2.075195313
2.036132813
1.967773438
1.884765625
1.801757813
1.708984375
1.625976563
1.538085938
1.459960938
1.38671875
1.318359375
1.279296875
1.235351563
1.2109375
1.196289063
1.19140625
1.186523438
1.19140625
1.201171875
1.215820313
1.235351563
1.264648438
1.2890625
1.30859375
1.328125
1.352539063
1.3671875
1.376953125
1.376953125
1.396484375
1.381835938
1.372070313
1.376953125
1.357421875
1.357421875
1.352539063
1.372070313
1.411132813
1.469726563
1.552734375
1.66015625
1.772460938
1.884765625
1.977539063
2.055664063
2.104492188
2.119140625
2.099609375
2.065429688
2.006835938
1.93359375
1.845703125
1.748046875
1.665039063
1.567382813
1.479492188
1.401367188
1.323242188
1.274414063
1.235351563
1.196289063
1.186523438
1.166992188
1.171875
1.171875
1.196289063
1.220703125
1.235351563
1.264648438
1.293945313
1.318359375
1.337890625
1.352539063
1.376953125
1.391601563
1.391601563
1.401367188
1.396484375
1.391601563
1.391601563
1.376953125
1.376953125
1.362304688
1.362304688
1.372070313
1.38671875
1.430664063
1.499023438
1.586914063
1.69921875
1.81640625
1.9140625
2.001953125
2.065429688
2.099609375
2.104492188
2.080078125
2.041015625
1.967773438
1.889648438
1.796875
1.69921875
1.6015625
1.50390625
1.416015625
1.337890625
1.274414063
1.225585938
1.196289063
1.171875
1.171875
1.176757813
1.186523438
1.201171875
1.215820313
1.245117188
1.264648438
1.2890625
1.30859375
1.333007813
1.34765625
1.3671875
1.376953125
1.381835938
1.38671875
1.391601563
1.396484375
1.38671875
1.376953125
1.3671875
1.342773438
1.328125
1.328125
1.313476563
1.328125
1.352539063
1.40625
1.469726563
1.567382813
1.689453125
1.796875
1.909179688
1.997070313
2.0703125
2.104492188
2.109375
2.075195313
2.036132813
1.967773438
1.875
1.791992188
1.69921875
1.611328125
1.518554688
1.435546875
1.357421875
1.298828125
1.25
1.2109375
1.181640625
1.166992188
1.166992188
1.176757813
1.181640625
1.206054688
1.225585938
1.259765625
1.2890625
1.313476563
1.323242188
1.342773438
1.357421875
1.372070313
1.381835938
1.391601563
1.38671875
1.391601563
1.376953125
1.381835938
1.3671875
1.362304688
1.352539063
1.342773438
1.337890625
1.342773438
1.362304688
1.416015625
1.484375
1.586914063
1.694335938
1.806640625
1.923828125
2.021484375
2.094726563
2.133789063
2.133789063
2.114257813
2.065429688
2.001953125
1.923828125
1.821289063
1.733398438
1.625976563
1.538085938
1.450195313
1.372070313
1.298828125
1.25
1.196289063
1.171875
1.15234375
1.147460938
1.162109375
1.171875
1.201171875
1.235351563
1.259765625
1.293945313
1.318359375
1.34765625
1.3671875
1.391601563
1.401367188
1.40625
1.411132813
1.411132813
1.396484375
1.38671875
1.372070313
1.3671875
1.352539063
1.342773438
1.342773438
1.333007813
1.318359375
1.318359375
1.323242188
1.342773438
1.391601563
1.46484375
1.577148438
1.694335938
1.826171875
1.948242188
2.060546875
2.138671875
2.1875
2.1875
2.16796875
2.124023438
2.045898438
1.948242188
1.840820313
1.743164063
1.640625
1.533203125
1.4453125
1.362304688
1.2890625
1.23046875
1.196289063
1.162109375
1.142578125
1.147460938
1.15234375
1.166992188
1.186523438
1.2109375
1.23046875
1.25
1.274414063
1.303710938
1.328125
1.357421875
1.372070313
1.381835938
1.391601563
1.391601563
1.381835938
1.376953125
1.3671875
1.352539063
1.342773438
1.333007813
1.318359375
1.313476563
1.30859375
1.298828125
1.293945313
1.303710938
1.337890625
1.401367188
1.494140625
1.596679688
1.723632813
1.850585938
1.962890625
2.055664063
2.119140625
2.158203125
2.153320313
2.124023438
2.0703125
1.9921875
1.904296875
1.806640625
1.708984375
1.611328125
1.513671875
1.42578125
1.352539063
1.2890625
1.240234375
1.206054688
1.181640625
1.166992188
1.166992188
1.176757813
1.19140625
1.215820313
1.240234375
1.259765625
1.298828125
1.323242188
1.34765625
1.362304688
1.381835938
1.401367188
1.396484375
1.401367188
1.411132813
1.416015625
1.40625
1.401367188
1.401367188
1.391601563
1.401367188
1.381835938
1.381835938
1.376953125
1.372070313
1.381835938
1.420898438
1.489257813
1.58203125
1.694335938
1.806640625
1.9140625
2.006835938
2.08984375
2.124023438
2.143554688
2.12890625
2.08984375
2.021484375
1.938476563
1.860351563
1.772460938
1.684570313
1.6015625
1.508789063
1.430664063
1.357421875
1.30859375
1.259765625
1.23046875
1.2109375
1.206054688
1.2109375
1.220703125
1.25
1.274414063
1.293945313
1.323242188
1.342773438
1.376953125
1.396484375
1.416015625
1.42578125
1.42578125
1.42578125
1.42578125
1.411132813
1.401367188
1.38671875
1.372070313
1.362304688
1.357421875
1.352539063
1.34765625
1.372070313
1.401367188
1.469726563
1.567382813
1.665039063
1.796875
1.909179688
2.01171875
2.084960938
2.133789063
2.153320313
2.143554688
2.109375
2.055664063
1.982421875
1.899414063
1.806640625
1.713867188
1.62109375
1.518554688
1.440429688
1.362304688
1.293945313
1.245117188
1.201171875
1.176757813
1.162109375
1.162109375
1.171875
1.181640625
1.220703125
1.245117188
1.279296875
1.318359375
1.337890625
1.372070313
1.38671875
1.401367188
1.416015625
1.42578125
1.42578125
1.435546875
1.435546875
1.42578125
1.416015625
1.401367188
1.391601563
1.391601563
1.391601563
1.401367188
1.450195313
1.5234375
1.62109375
1.73828125
1.865234375
1.97265625
2.060546875
2.133789063
2.158203125
2.158203125
2.124023438
2.075195313
1.9921875
1.909179688
1.811523438
1.713867188
1.616210938
1.518554688
1.435546875
1.357421875
1.2890625
1.23046875
1.196289063
1.162109375
1.147460938
1.147460938
1.15234375
1.171875
1.196289063
1.235351563
1.264648438
1.284179688
1.323242188
1.337890625
1.352539063
1.372070313
1.381835938
1.381835938
1.381835938
1.381835938
1.376953125
1.372070313
1.3671875
1.362304688
1.34765625
1.342773438
1.337890625
1.362304688
1.40625
1.474609375
1.567382813
1.669921875
1.796875
1.918945313
2.021484375
2.099609375
2.143554688
2.163085938
2.1484375
2.099609375
2.03125
1.943359375
1.840820313
1.733398438
1.635742188
1.533203125
1.4453125
1.3671875
1.293945313
1.235351563
1.181640625
1.15234375
1.142578125
1.127929688
1.142578125
1.15234375
1.171875
1.206054688
1.23046875
1.264648438
1.293945313
1.318359375
1.34765625
1.357421875
1.3671875
1.372070313
1.376953125
1.381835938
1.381835938
1.318359375
1.342773438
1.333007813
1.328125
1.318359375
1.318359375
1.342773438
1.38671875
1.46484375
1.567382813
1.684570313
1.811523438
1.928710938
2.021484375
2.099609375
2.133789063
2.138671875
2.109375
2.05078125
1.982421875
1.879882813
1.767578125
1.665039063
1.557617188
1.4453125
1.3671875
1.2890625
1.225585938
1.176757813
1.147460938
1.118164063
1.108398438
1.11328125
1.118164063
1.1328125
1.157226563
1.181640625
1.220703125
1.254882813
1.2890625
1.328125
1.352539063
1.372070313
1.391601563
1.40625
1.40625
1.411132813
1.416015625
1.411132813
1.391601563
1.38671875
1.372070313
1.38671875
1.40625
1.459960938
1.538085938
1.635742188
1.7578125
1.884765625
2.01171875
2.104492188
2.177734375
2.216796875
2.2265625
2.1875
2.133789063
2.065429688
1.958007813
1.850585938
1.748046875
1.640625
1.528320313
1.440429688
1.357421875
1.284179688
1.225585938
1.171875
1.142578125
1.127929688
1.127929688
1.123046875
1.142578125
1.171875
1.196289063
1.220703125
1.245117188
1.284179688
1.303710938
1.318359375
1.337890625
1.352539063
1.34765625
1.34765625
1.352539063
1.342773438
1.333007813
1.328125
1.318359375
1.30859375
1.293945313
1.293945313
1.293945313
1.328125
1.381835938
1.459960938
1.577148438
1.694335938
1.81640625
1.93359375
2.03125
2.109375
2.1484375
2.1484375
2.12890625
2.084960938
2.006835938
1.923828125
1.826171875
1.723632813
1.616210938
1.513671875
1.42578125
1.34765625
1.274414063
1.225585938
1.181640625
1.15234375
1.123046875
1.11328125
1.127929688
1.1328125
1.157226563
1.176757813
1.196289063
1.225585938
1.259765625
1.284179688
1.313476563
1.328125
1.337890625
1.34765625
1.357421875
1.357421875
1.34765625
1.352539063
1.34765625
1.333007813
1.337890625
1.313476563
1.30859375
1.303710938
1.2890625
1.279296875
1.264648438
1.254882813
1.240234375
1.245117188
1.225585938
1.225585938
1.2109375
1.201171875
1.196289063
1.19140625
1.19140625
1.176757813
1.176757813
1.176757813
1.171875
1.166992188
1.162109375
1.157226563
1.157226563
1.15234375
1.15234375
1.147460938
1.157226563
1.162109375
1.19140625
1.215820313
1.279296875
1.362304688
1.479492188
1.625976563
1.77734375
1.938476563
2.075195313
2.182617188
2.255859375
2.290039063
2.28515625
2.241210938
2.177734375
2.084960938
1.977539063
1.860351563
1.733398438
1.62109375
1.513671875
1.420898438
1.333007813
1.264648438
1.215820313
1.186523438
1.166992188
1.157226563
1.166992188
1.176757813
1.206054688
1.23046875
1.26953125
1.30859375
1.337890625
1.372070313
1.391601563
1.40625
1.416015625
1.430664063
1.435546875
1.440429688
1.430664063
1.420898438
1.411132813
1.401367188
1.381835938
1.362304688
1.352539063
1.342773438
1.328125
1.30859375
1.303710938
1.298828125
1.293945313
1.284179688
1.284179688
1.26953125
1.274414063
1.26953125
1.279296875
1.274414063
1.284179688
1.2890625
1.2890625
1.284179688
1.293945313
1.298828125
1.313476563
1.34765625
1.40625
1.484375
1.6015625
1.748046875
1.889648438
2.016601563
2.133789063
2.20703125
2.255859375
2.265625
2.241210938
2.182617188
2.104492188
2.001953125
1.904296875
1.782226563
1.6796875
1.567382813
1.479492188
1.381835938
1.313476563
1.245117188
1.201171875
1.171875
1.15234375
1.137695313
1.142578125
1.147460938
1.162109375
1.176757813
1.206054688
1.235351563
1.26953125
1.303710938
1.328125
1.34765625
1.372070313
1.381835938
1.381835938
1.38671875
1.376953125
1.372070313
1.357421875
1.357421875
1.342773438
1.337890625
1.328125
1.318359375
1.313476563
1.313476563
1.303710938
1.293945313
1.284179688
1.284179688
1.26953125
1.26953125
1.279296875
1.303710938
1.34765625
1.42578125
1.538085938
1.669921875
1.806640625
1.948242188
2.065429688
2.16796875
2.241210938
2.270507813
2.270507813
2.2265625
2.163085938
2.084960938
1.977539063
1.870117188
1.7578125
1.645507813
1.533203125
1.440429688
1.34765625
1.274414063
1.2109375
1.15234375
1.11328125
1.088867188
1.083984375
1.069335938
1.088867188
1.108398438
1.142578125
1.162109375
1.215820313
1.245117188
1.279296875
1.318359375
1.342773438
1.362304688
1.372070313
1.372070313
1.376953125
1.372070313
1.362304688
1.34765625
1.333007813
1.323242188
1.303710938
1.279296875
1.264648438
1.254882813
1.245117188
1.235351563
1.235351563
1.23046875
1.220703125
1.23046875
1.25
1.303710938
1.381835938
1.499023438
1.635742188
1.782226563
1.93359375
2.060546875
2.172851563
2.241210938
2.28515625
2.290039063
2.250976563
2.197265625
2.114257813
2.016601563
1.9140625
1.81640625
1.708984375
1.6015625
1.50390625
1.411132813
1.337890625
1.264648438
1.220703125
1.181640625
1.157226563
1.137695313
1.137695313
1.142578125
1.171875
1.19140625
1.215820313
1.245117188
1.279296875
1.30859375
1.342773438
1.376953125
1.401367188
1.420898438
1.416015625
1.430664063
1.411132813
1.401367188
1.381835938
1.3671875
1.352539063
1.337890625
1.328125
1.323242188
1.323242188
1.313476563
1.30859375
1.323242188
1.34765625
1.391601563
1.484375
1.596679688
1.728515625
1.870117188
2.01171875
2.133789063
2.2265625
2.280273438
2.299804688
2.28515625
2.241210938
2.16796875
2.080078125
1.987304688
1.879882813
1.767578125
1.66015625
1.5625
1.46484375
1.38671875
1.30859375
1.235351563
1.19140625
1.142578125
1.123046875
1.108398438
1.11328125
1.123046875
1.142578125
1.171875
1.201171875
1.245117188
1.279296875
1.30859375
1.34765625
1.372070313
1.38671875
1.401367188
1.411132813
1.40625
1.401367188
1.401367188
1.391601563
1.372070313
1.352539063
1.333007813
1.318359375
1.30859375
1.298828125
1.303710938
1.333007813
1.372070313
1.459960938
1.567382813
1.704101563
1.85546875
2.01171875
2.1484375
2.265625
2.348632813
2.392578125
2.40234375
2.373046875
2.32421875
2.24609375
2.143554688
2.041015625
1.928710938
1.806640625
1.69921875
1.596679688
1.499023438
1.411132813
1.337890625
1.279296875
1.240234375
1.201171875
1.186523438
1.171875
1.181640625
1.196289063
1.225585938
1.25
1.279296875
1.30859375
1.328125
1.342773438
1.357421875
1.352539063
1.362304688
1.34765625
1.342773438
1.328125
1.313476563
1.293945313
1.284179688
1.264648438
1.25
1.240234375
1.225585938
1.215820313
1.2109375
1.206054688
1.206054688
1.2109375
1.235351563
1.279296875
1.342773438
1.455078125
1.591796875
1.752929688
1.904296875
2.055664063
2.177734375
2.270507813
2.329101563
2.338867188
2.319335938
2.255859375
2.177734375
2.080078125
1.97265625
1.850585938
1.743164063
1.62109375
1.518554688
1.416015625
1.318359375
1.240234375
1.166992188
1.118164063
1.07421875
1.044921875
1.030273438
1.030273438
1.025390625
1.044921875
1.079101563
1.123046875
1.166992188
1.215820313
1.245117188
1.284179688
1.318359375
1.337890625
1.357421875
1.3671875
1.3671875
1.357421875
1.342773438
1.333007813
1.30859375
1.2890625
1.279296875
1.254882813
1.245117188
1.220703125
1.2109375
1.206054688
1.206054688
1.206054688
1.201171875
1.2109375
1.2109375
1.2109375
1.220703125
1.220703125
1.215820313
1.225585938
1.220703125
1.220703125
1.23046875
1.220703125
1.220703125
1.235351563
1.225585938
1.235351563
1.240234375
1.264648438
1.30859375
1.391601563
1.508789063
1.640625
1.806640625
1.987304688
2.153320313
2.294921875
2.397460938
2.451171875
2.4609375
2.421875
2.358398438
2.260742188
2.133789063
2.006835938
1.879882813
1.743164063
1.625976563
1.508789063
1.401367188
1.30859375
1.225585938
1.171875
1.118164063
1.088867188
1.07421875
1.064453125
1.083984375
1.098632813
1.137695313
1.171875
1.206054688
1.25
1.2890625
1.318359375
1.34765625
1.362304688
1.381835938
1.381835938
1.391601563
1.381835938
1.3671875
1.3671875
1.342773438
1.328125
1.303710938
1.284179688
1.279296875
1.26953125
1.259765625
1.254882813
1.245117188
1.240234375
1.240234375
1.235351563
1.235351563
1.235351563
1.240234375
1.235351563
1.240234375
1.240234375
1.245117188
1.25
1.259765625
1.264648438
1.264648438
1.26953125
1.274414063
1.274414063
1.2890625
1.284179688
1.298828125
1.328125
1.376953125
1.469726563
1.586914063
1.728515625
1.899414063
2.065429688
2.221679688
2.34375
2.416992188
2.451171875
2.44140625
2.377929688
2.280273438
2.16796875
2.03125
1.889648438
1.752929688
1.630859375
1.518554688
1.40625
1.318359375
1.235351563
1.171875
1.123046875
1.09375
1.069335938
1.079101563
1.098632813
1.118164063
1.15234375
1.201171875
1.23046875
1.274414063
1.313476563
1.34765625
1.362304688
1.372070313
1.372070313
1.357421875
1.352539063
1.328125
1.313476563
1.293945313
1.284179688
1.274414063
1.26953125
1.26953125
1.259765625
1.245117188
1.23046875
1.23046875
1.215820313
1.215820313
1.206054688
1.215820313
1.220703125
1.215820313
1.220703125
1.225585938
1.220703125
1.225585938
1.245117188
1.2890625
1.352539063
1.46484375
1.586914063
1.752929688
1.928710938
2.08984375
2.241210938
2.358398438
2.431640625
2.465820313
2.456054688
2.407226563
2.32421875
2.221679688
2.099609375
1.97265625
1.845703125
1.728515625
1.611328125
1.50390625
1.401367188
1.313476563
1.240234375
1.186523438
1.137695313
1.09375
1.07421875
1.064453125
1.064453125
1.083984375
1.103515625
1.127929688
1.15234375
1.176757813
1.196289063
1.215820313
1.225585938
1.240234375
1.254882813
1.25
1.254882813
1.254882813
1.254882813
1.25
1.245117188
1.25
1.245117188
1.245117188
1.245117188
1.225585938
1.2109375
1.196289063
1.206054688
1.201171875
1.215820313
1.23046875
1.240234375
1.245117188
1.259765625
1.274414063
1.328125
1.396484375
1.50390625
1.645507813
1.806640625
1.977539063
2.1484375
2.280273438
2.377929688
2.421875
2.436523438
2.392578125
2.319335938
2.20703125
2.08984375
1.962890625
1.8359375
1.708984375
1.58203125
1.459960938
1.357421875
1.259765625
1.176757813
1.11328125
1.059570313
1.015625
0.981445313
0.961914063
0.95703125
0.966796875
0.986328125
1.010742188
1.040039063
1.083984375
1.11328125
1.15234375
1.181640625
1.2109375
1.225585938
1.240234375
1.259765625
1.264648438
1.26953125
1.26953125
1.264648438
1.25
1.25
1.23046875
1.225585938
1.220703125
1.220703125
1.215820313
1.215820313
1.215820313
1.2109375
1.215820313
1.2109375
1.220703125
1.215820313
1.201171875
1.2109375
1.220703125
1.264648438
1.337890625
1.450195313
1.611328125
1.782226563
1.97265625
2.1484375
2.290039063
2.392578125
2.446289063
2.451171875
2.412109375
2.338867188
2.241210938
2.119140625
1.982421875
1.845703125
1.708984375
1.586914063
1.474609375
1.376953125
1.274414063
1.201171875
1.1328125
1.083984375
1.0546875
1.030273438
1.03515625
1.049804688
1.069335938
1.103515625
1.142578125
1.181640625
1.220703125
1.264648438
1.303710938
1.333007813
1.352539063
1.376953125
1.38671875
1.401367188
1.40625
1.411132813
1.391601563
1.381835938
1.362304688
1.337890625
1.313476563
1.303710938
1.279296875
1.274414063
1.259765625
1.254882813
1.25
1.245117188
1.245117188
1.25
1.26953125
1.303710938
1.3671875
1.46484375
1.6015625
1.762695313
1.93359375
2.099609375
2.250976563
2.358398438
2.416992188
2.431640625
2.412109375
2.353515625
2.260742188
2.1484375
2.026367188
1.899414063
1.772460938
1.650390625
1.552734375
1.455078125
1.372070313
1.2890625
1.225585938
1.166992188
1.118164063
1.09375
1.083984375
1.079101563
1.088867188
1.098632813
1.1328125
1.171875
1.2109375
1.245117188
1.274414063
1.30859375
1.337890625
1.357421875
1.357421875
1.362304688
1.357421875
1.352539063
1.337890625
1.30859375
1.298828125
1.279296875
1.26953125
1.259765625
1.25
1.23046875
1.215820313
1.2109375
1.2109375
1.2109375
1.23046875
1.26953125
1.342773438
1.474609375
1.630859375
1.811523438
1.9921875
2.16796875
2.3046875
2.412109375
2.465820313
2.48046875
2.451171875
2.377929688
2.275390625
2.158203125
2.03125
1.899414063
1.762695313
1.635742188
1.508789063
1.401367188
1.293945313
1.206054688
1.142578125
1.079101563
1.044921875
1.015625
1.000976563
1.000976563
1.020507813
1.044921875
1.07421875
1.103515625
1.137695313
1.186523438
1.235351563
1.26953125
1.30859375
1.333007813
1.352539063
1.357421875
1.352539063
1.34765625
1.342773438
1.333007813
1.318359375
1.303710938
1.2890625
1.274414063
1.254882813
1.245117188
1.225585938
1.215820313
1.2109375
1.19140625
1.186523438
1.186523438
1.206054688
1.240234375
1.328125
1.4453125
1.596679688
1.772460938
1.967773438
2.143554688
2.280273438
2.392578125
2.451171875
2.4609375
2.421875
2.338867188
2.236328125
2.109375
1.967773438
1.826171875
1.684570313
1.557617188
1.435546875
1.323242188
1.225585938
1.137695313
1.059570313
1.000976563
0.966796875
0.942382813
0.947265625
0.947265625
0.966796875
1.000976563
1.03515625
1.083984375
1.1328125
1.171875
1.2109375
1.245117188
1.264648438
1.284179688
1.293945313
1.303710938
1.30859375
1.293945313
1.284179688
1.26953125
1.254882813
1.245117188
1.23046875
1.220703125
1.215820313
1.206054688
1.19140625
1.186523438
1.186523438
1.181640625
1.181640625
1.176757813
1.171875
1.176757813
1.181640625
1.206054688
1.264648438
1.34765625
1.489257813
1.66015625
1.850585938
2.045898438
2.221679688
2.36328125
2.451171875
2.485351563
2.485351563
2.431640625
2.34375
2.231445313
2.104492188
1.97265625
1.826171875
1.694335938
1.572265625
1.440429688
1.333007813
1.23046875
1.157226563
1.098632813
1.049804688
1.015625
1.005859375
1.005859375
1.010742188
1.040039063
1.069335938
1.103515625
1.15234375
1.196289063
1.235351563
1.259765625
1.2890625
1.303710938
1.30859375
1.313476563
1.293945313
1.2890625
1.284179688
1.264648438
1.25
1.240234375
1.240234375
1.225585938
1.215820313
1.2109375
1.206054688
1.206054688
1.201171875
1.206054688
1.201171875
1.215820313
1.235351563
1.298828125
1.396484375
1.538085938
1.708984375
1.889648438
2.084960938
2.255859375
2.3828125
2.475585938
2.504882813
2.485351563
2.431640625
2.34375
2.2265625
2.08984375
1.953125
1.811523438
1.6796875
1.547851563
1.42578125
1.318359375
1.225585938
1.137695313
1.088867188
1.010742188
0.971679688
0.947265625
0.947265625
0.95703125
0.986328125
1.010742188
1.049804688
1.09375
1.1328125
1.186523438
1.215820313
1.245117188
1.26953125
1.279296875
1.279296875
1.279296875
1.264648438
1.264648438
1.254882813
1.245117188
1.240234375
1.225585938
1.220703125
1.2109375
1.206054688
1.19140625
1.186523438
1.176757813
1.181640625
1.2109375
1.26953125
1.372070313
1.518554688
1.704101563
1.904296875
2.104492188
2.275390625
2.416992188
2.504882813
2.543945313
2.529296875
2.48046875
2.392578125
2.275390625
2.138671875
2.006835938
1.870117188
1.728515625
1.596679688
1.455078125
1.337890625
1.225585938
1.137695313
1.064453125
1.000976563
0.952148438
0.9375
0.927734375
0.942382813
0.961914063
0.991210938
1.040039063
1.079101563
1.118164063
1.157226563
1.19140625
1.220703125
1.23046875
1.254882813
1.264648438
1.274414063
1.274414063
1.26953125
1.245117188
1.235351563
1.220703125
1.206054688
1.186523438
1.166992188
1.162109375
1.147460938
1.147460938
1.142578125
1.083984375
1.088867188
1.103515625
1.118164063
1.166992188
1.25
1.3671875
1.5234375
1.713867188
1.923828125
2.109375
2.275390625
2.412109375
2.485351563
2.504882813
2.48046875
2.416992188
2.314453125
2.182617188
2.05078125
1.899414063
1.752929688
1.611328125
1.474609375
1.34765625
1.245117188
1.147460938
1.07421875
1.000976563
0.952148438
0.91796875
0.8984375
0.893554688
0.913085938
0.942382813
0.981445313
1.015625
1.059570313
1.098632813
1.142578125
1.181640625
1.201171875
1.2109375
1.215820313
1.220703125
1.215820313
1.2109375
1.186523438
1.176757813
1.15234375
1.1328125
1.118164063
1.098632813
1.09375
1.079101563
1.07421875
1.079101563
1.069335938
1.079101563
1.079101563
1.079101563
1.079101563
1.09375
1.103515625
1.137695313
1.196289063
1.284179688
1.42578125
1.596679688
1.806640625
2.006835938
2.202148438
2.353515625
2.4609375
2.514648438
2.509765625
2.456054688
2.373046875
2.24609375
2.099609375
1.943359375
1.791992188
1.650390625
1.50390625
1.381835938
1.264648438
1.162109375
1.079101563
1.010742188
0.966796875
0.932617188
0.91796875
0.927734375
0.95703125
0.986328125
1.020507813
1.069335938
1.11328125
1.162109375
1.19140625
1.23046875
1.259765625
1.26953125
1.2890625
1.284179688
1.274414063
1.26953125
1.259765625
1.240234375
1.23046875
1.215820313
1.206054688
1.19140625
1.186523438
1.166992188
1.157226563
1.147460938
1.142578125
1.142578125
1.15234375
1.181640625
1.240234375
1.337890625
1.479492188
1.665039063
1.865234375
2.05078125
2.2265625
2.373046875
2.465820313
2.504882813
2.5
2.431640625
2.314453125
2.182617188
2.041015625
1.879882813
1.728515625
1.577148438
1.440429688
1.318359375
1.201171875
1.103515625
1.015625
0.961914063
0.927734375
0.903320313
0.8984375
0.922851563
0.952148438
0.991210938
1.03515625
1.098632813
1.137695313
1.181640625
1.215820313
1.264648438
1.293945313
1.313476563
1.318359375
1.318359375
1.298828125
1.284179688
1.264648438
1.245117188
1.220703125
1.2109375
1.19140625
1.176757813
1.157226563
1.147460938
1.142578125
1.137695313
1.127929688
1.15234375
1.201171875
1.2890625
1.430664063
1.606445313
1.806640625
2.026367188
2.221679688
2.3828125
2.495117188
2.55859375
2.563476563
2.524414063
2.44140625
2.329101563
2.182617188
2.041015625
1.889648438
1.73828125
1.586914063
1.455078125
1.333007813
1.220703125
1.123046875
1.025390625
0.95703125
0.903320313
0.87890625
0.869140625
0.883789063
0.913085938
0.952148438
1.000976563
1.049804688
1.09375
1.142578125
1.19140625
1.225585938
1.25
1.259765625
1.259765625
1.254882813
1.254882813
1.23046875
1.220703125
1.201171875
1.176757813
1.157226563
1.137695313
1.118164063
1.108398438
1.108398438
1.098632813
1.098632813
1.11328125
1.157226563
1.23046875
1.342773438
1.508789063
1.704101563
1.928710938
2.138671875
2.32421875
2.4609375
2.553710938
2.583007813
2.568359375
2.416992188
2.309570313
2.172851563
2.021484375
1.860351563
1.708984375
1.5625
1.420898438
1.2890625
1.166992188
1.0546875
0.971679688
0.908203125
0.844726563
0.815429688
0.791015625
0.795898438
0.805664063
0.834960938
0.874023438
0.922851563
0.971679688
1.020507813
1.069335938
1.103515625
1.137695313
1.15234375
1.162109375
1.181640625
1.176757813
1.166992188
1.157226563
1.1328125
1.123046875
1.098632813
1.079101563
1.059570313
1.044921875
1.025390625
1.010742188
1.020507813
1.020507813
1.015625
1.015625
1.020507813
1.03515625
1.064453125
1.118164063
1.220703125
1.352539063
1.547851563
1.752929688
1.962890625
2.172851563
2.34375
2.465820313
2.524414063
2.529296875
2.490234375
2.392578125
2.275390625
2.133789063
1.982421875
1.826171875
1.674804688
1.528320313
1.38671875
1.26953125
1.15234375
1.049804688
0.961914063
0.903320313
0.849609375
0.83984375
0.8203125
0.83984375
0.864257813
0.893554688
0.932617188
0.981445313
1.030273438
1.079101563
1.11328125
1.147460938
1.171875
1.186523438
1.196289063
1.196289063
1.186523438
1.171875
1.15234375
1.137695313
1.11328125
1.103515625
1.083984375
1.07421875
1.059570313
1.044921875
1.040039063
1.040039063
1.040039063
1.049804688
1.0546875
1.069335938
1.083984375
1.142578125
1.225585938
1.3671875
1.533203125
1.743164063
1.967773438
2.172851563
2.353515625
2.48046875
2.548828125
2.563476563
2.529296875
2.451171875
2.319335938
2.16796875
2.01171875
1.831054688
1.655273438
1.494140625
1.342773438
1.2109375
1.098632813
1.005859375
0.922851563
0.859375
0.815429688
0.791015625
0.786132813
0.805664063
0.830078125
0.869140625
0.91796875
0.966796875
1.025390625
1.07421875
1.1328125
1.162109375
1.186523438
1.201171875
1.201171875
1.19140625
1.171875
1.162109375
1.147460938
1.123046875
1.103515625
1.079101563
1.069335938
1.059570313
1.0546875
1.049804688
1.044921875
1.049804688
1.044921875
1.044921875
1.040039063
1.044921875
1.059570313
1.07421875
1.07421875
1.083984375
1.09375
1.098632813
1.098632813
1.108398438
1.123046875
1.157226563
1.235351563
1.357421875
1.528320313
1.733398438
1.958007813
2.172851563
2.36328125
2.509765625
2.602539063
2.63671875
2.612304688
2.534179688
2.421875
2.275390625
2.114257813
1.93359375
1.767578125
1.6015625
1.455078125
1.303710938
1.181640625
1.07421875
0.981445313
0.908203125
0.859375
0.830078125
0.8203125
0.810546875
0.830078125
0.859375
0.883789063
0.922851563
0.966796875
1.015625
1.07421875
1.11328125
1.142578125
1.171875
1.176757813
1.176757813
1.166992188
1.157226563
1.15234375
1.1328125
1.108398438
1.09375
1.083984375
1.069335938
1.059570313
1.0546875
1.0546875
1.040039063
1.044921875
1.040039063
1.044921875
1.044921875
1.049804688
1.069335938
1.108398438
1.19140625
1.30859375
1.474609375
1.669921875
1.889648438
2.094726563
2.270507813
2.40234375
2.485351563
2.504882813
2.475585938
2.387695313
2.270507813
2.12890625
1.958007813
1.791992188
1.616210938
1.459960938
1.30859375
1.176757813
1.064453125
0.966796875
0.903320313
0.849609375
0.805664063
0.795898438
0.810546875
0.834960938
0.874023438
0.922851563
0.981445313
1.044921875
1.103515625
1.15234375
1.196289063
1.225585938
1.245117188
1.254882813
1.264648438
1.254882813
1.235351563
1.215820313
1.201171875
1.186523438
1.166992188
1.137695313
1.123046875
1.108398438
1.083984375
1.083984375
1.07421875
1.064453125
1.059570313
1.069335938
1.07421875
1.088867188
1.098632813
1.103515625
1.118164063
1.127929688
1.137695313
1.176757813
1.23046875
1.34765625
1.484375
1.669921875
1.884765625
2.099609375
2.290039063
2.451171875
2.553710938
2.59765625
2.587890625
2.514648438
2.40234375
2.255859375
2.084960938
1.9140625
1.728515625
1.5625
1.401367188
1.259765625
1.127929688
1.010742188
0.922851563
0.859375
0.810546875
0.791015625
0.791015625
0.80078125
0.844726563
0.883789063
0.9375
0.991210938
1.044921875
1.103515625
1.147460938
1.196289063
1.225585938
1.235351563
1.25
1.25
1.245117188
1.225585938
1.2109375
1.19140625
1.166992188
1.142578125
1.11328125
1.09375
1.069335938
1.059570313
1.044921875
1.040039063
1.03515625
1.040039063
1.0546875
1.09375
1.181640625
1.30859375
1.489257813
1.694335938
1.923828125
2.133789063
2.333984375
2.465820313
2.553710938
2.568359375
2.534179688
2.465820313
2.348632813
2.202148438
2.041015625
1.875
1.713867188
1.557617188
1.40625
1.279296875
1.157226563
1.049804688
0.971679688
0.893554688
0.849609375
0.805664063
0.80078125
0.80078125
0.8203125
0.859375
0.903320313
0.95703125
1.010742188
1.07421875
1.127929688
1.171875
1.206054688
1.23046875
1.240234375
1.240234375
1.23046875
1.2109375
1.186523438
1.162109375
1.137695313
1.118164063
1.088867188
1.079101563
1.059570313
1.044921875
1.03515625
1.03515625
1.015625
1.020507813
1.020507813
1.03515625
1.069335938
1.142578125
1.259765625
1.430664063
1.635742188
1.865234375
2.094726563
2.309570313
2.465820313
2.573242188
2.607421875
2.59765625
2.534179688
2.421875
2.280273438
2.124023438
1.958007813
1.791992188
1.625976563
1.474609375
1.337890625
1.2109375
1.09375
1.000976563
0.927734375
0.869140625
0.815429688
0.80078125
0.795898438
0.80078125
0.834960938
0.864257813
0.903320313
0.947265625
1.000976563
1.049804688
1.098632813
1.1328125
1.166992188
1.181640625
1.186523438
1.196289063
1.186523438
1.171875
1.157226563
1.1328125
1.11328125
1.088867188
1.069335938
1.044921875
1.030273438
1.020507813
1.015625
1.010742188
1.000976563
0.99609375
0.99609375
1.005859375
1.015625
1.059570313
1.1328125
1.259765625
1.42578125
1.630859375
1.85546875
2.08984375
2.290039063
2.4609375
2.563476563
2.602539063
2.592773438
2.51953125
2.407226563
2.265625
2.104492188
1.93359375
1.752929688
1.586914063
1.4453125
1.303710938
1.181640625
1.069335938
0.986328125
0.908203125
0.844726563
0.810546875
0.795898438
0.810546875
0.830078125
0.859375
0.893554688
0.947265625
0.99609375
1.0546875
1.11328125
1.162109375
1.196289063
1.215820313
1.23046875
1.235351563
1.235351563
1.220703125
1.201171875
1.181640625
1.166992188
1.147460938
1.127929688
1.103515625
1.088867188
1.07421875
1.064453125
1.0546875
1.044921875
1.0546875
1.044921875
1.0546875
1.049804688
1.059570313
1.07421875
1.11328125
1.181640625
1.303710938
1.474609375
1.684570313
1.9140625
2.138671875
2.353515625
2.514648438
2.622070313
2.670898438
2.666015625
2.59765625
2.485351563
2.34375
2.177734375
2.006835938
1.831054688
1.66015625
1.50390625
1.362304688
1.23046875
1.118164063
1.030273438
0.9375
0.87890625
0.83984375
0.8203125
0.815429688
0.83984375
0.864257813
0.908203125
0.952148438
1.015625
1.07421875
1.123046875
1.166992188
1.201171875
1.2109375
1.220703125
1.220703125
1.2109375
1.206054688
1.19140625
1.186523438
1.162109375
1.1328125
1.11328125
1.083984375
1.059570313
1.049804688
1.049804688
1.044921875
1.040039063
1.040039063
1.0546875
1.088867188
1.15234375
1.274414063
1.440429688
1.645507813
1.875
2.099609375
2.32421875
2.490234375
2.607421875
2.661132813
2.661132813
2.602539063
2.509765625
2.377929688
2.2265625
2.060546875
1.889648438
1.728515625
1.572265625
1.430664063
1.298828125
1.181640625
1.07421875
0.99609375
0.922851563
0.869140625
0.830078125
0.815429688
0.8203125
0.83984375
0.869140625
0.91796875
0.966796875
1.015625
1.069335938
1.118164063
1.157226563
1.176757813
1.181640625
1.181640625
1.186523438
1.176757813
1.171875
1.147460938
1.123046875
1.09375
1.064453125
1.040039063
1.025390625
1.015625
1.010742188
1.000976563
1.000976563
0.991210938
1.005859375
1.015625
1.03515625
1.083984375
1.171875
1.313476563
1.489257813
1.723632813
1.97265625
2.211914063
2.416992188
2.578125
2.680664063
2.729492188
2.709960938
2.63671875
2.524414063
2.392578125
2.231445313
2.0703125
1.899414063
1.733398438
1.58203125
1.430664063
1.2890625
1.166992188
1.049804688
0.95703125
0.87890625
0.815429688
0.786132813
0.766601563
0.766601563
0.795898438
0.830078125
0.874023438
0.932617188
0.991210938
1.040039063
1.088867188
1.137695313
1.166992188
1.186523438
1.196289063
1.206054688
1.196289063
1.181640625
1.157226563
1.137695313
1.11328125
1.09375
1.069335938
1.049804688
1.03515625
1.020507813
1.000976563
0.99609375
0.981445313
0.966796875
0.961914063
0.966796875
0.9765625
0.991210938
0.99609375
1.005859375
1.020507813
1.03515625
1.03515625
1.03515625
1.03515625
1.049804688
1.0546875
1.049804688
1.059570313
1.059570313
1.064453125
1.064453125
1.064453125
1.07421875
1.079101563
1.088867188
1.098632813
1.103515625
1.103515625
1.108398438
1.108398438
1.108398438
1.123046875
1.127929688
1.147460938
1.196289063
1.284179688
1.435546875
1.635742188
1.875
2.124023438
2.368164063
2.568359375
2.724609375
2.802734375
2.827148438
2.783203125
2.685546875
2.553710938
2.387695313
2.197265625
2.006835938
1.81640625
1.640625
1.469726563
1.323242188
1.201171875
1.083984375
0.99609375
0.922851563
0.874023438
0.854492188
0.844726563
0.859375
0.8984375
0.942382813
0.991210938
1.040039063
1.098632813
1.15234375
1.19140625
1.23046875
1.26953125
1.2890625
1.30859375
1.313476563
1.30859375
1.2890625
1.274414063
1.254882813
1.220703125
1.196289063
1.171875
1.147460938
1.123046875
1.108398438
1.098632813
1.088867188
1.083984375
1.07421875
1.07421875
1.079101563
1.088867188
1.088867188
1.09375
1.108398438
1.123046875
1.1328125
1.147460938
1.162109375
1.166992188
1.176757813
1.181640625
1.19140625
1.215820313
1.245117188
1.318359375
1.435546875
1.596679688
1.801757813
2.021484375
2.236328125
2.431640625
2.578125
2.666015625
2.6953125
2.680664063
2.607421875
2.490234375
2.34375
2.182617188
2.01171875
1.840820313
1.684570313
1.533203125
1.391601563
1.259765625
1.142578125
1.049804688
0.9765625
0.927734375
0.8984375
0.874023438
0.888671875
0.8984375
0.927734375
0.966796875
1.005859375
1.049804688
1.09375
1.123046875
1.157226563
1.181640625
1.19140625
1.196289063
1.196289063
1.181640625
1.176757813
1.162109375
1.147460938
1.1328125
1.108398438
1.088867188
1.07421875
1.0546875
1.044921875
1.03515625
1.030273438
1.03515625
1.030273438
1.044921875
1.0546875
1.064453125
1.083984375
1.098632813
1.123046875
1.157226563
1.235351563
1.352539063
1.508789063
1.723632813
1.953125
2.177734375
2.392578125
2.55859375
2.680664063
2.729492188
2.724609375
2.67578125
2.573242188
2.436523438
2.270507813
2.104492188
1.938476563
1.787109375
1.640625
1.508789063
1.3671875
1.25
1.137695313
1.049804688
0.966796875
0.908203125
0.869140625
0.83984375
0.834960938
0.849609375
0.869140625
0.908203125
0.947265625
0.99609375
1.049804688
1.098632813
1.137695313
1.171875
1.19140625
1.206054688
1.215820313
1.201171875
1.19140625
1.171875
1.137695313
1.103515625
1.064453125
1.040039063
1.010742188
0.991210938
0.986328125
0.9765625
0.966796875
0.971679688
0.971679688
0.9765625
0.991210938
0.99609375
1.010742188
1.025390625
1.059570313
1.118164063
1.215820313
1.376953125
1.58203125
1.81640625
2.0703125
2.299804688
2.495117188
2.63671875
2.724609375
2.749023438
2.709960938
2.631835938
2.504882813
2.348632813
2.172851563
1.9921875
1.826171875
1.655273438
1.494140625
1.352539063
1.215820313
1.083984375
0.971679688
0.883789063
0.810546875
0.756835938
0.72265625
0.72265625
0.732421875
0.76171875
0.805664063
0.859375
0.927734375
0.991210938
1.049804688
1.09375
1.1328125
1.162109375
1.181640625
1.186523438
1.186523438
1.181640625
1.162109375
1.147460938
1.127929688
1.108398438
1.09375
1.0546875
1.03515625
1.015625
1.010742188
0.99609375
0.99609375
0.99609375
1.005859375
1.015625
1.025390625
1.040039063
1.059570313
1.064453125
1.083984375
1.108398438
1.162109375
1.235351563
1.352539063
1.533203125
1.748046875
1.997070313
2.241210938
2.465820313
2.651367188
2.7734375
2.841796875
2.836914063
2.778320313
2.661132813
2.51953125
2.353515625
2.182617188
2.01171875
1.850585938
1.6796875
1.528320313
1.381835938
1.254882813
1.142578125
1.044921875
0.95703125
0.8984375
0.854492188
0.83984375
0.834960938
0.874023438
0.913085938
0.961914063
1.020507813
1.07421875
1.123046875
1.166992188
1.196289063
1.220703125
1.23046875
1.23046875
1.225585938
1.2109375
1.19140625
1.166992188
1.147460938
1.1328125
1.108398438
1.098632813
1.083984375
1.079101563
1.07421875
1.07421875
1.064453125
1.07421875
1.07421875
1.069335938
1.059570313
1.059570313
1.079101563
1.108398438
1.181640625
1.303710938
1.479492188
1.69921875
1.953125
2.192382813
2.421875
2.602539063
2.729492188
2.807617188
2.8125
2.778320313
2.6953125
2.563476563
2.426757813
2.265625
2.099609375
1.938476563
1.782226563
1.635742188
1.494140625
1.352539063
1.235351563
1.123046875
1.025390625
0.952148438
0.883789063
0.844726563
0.825195313
0.830078125
0.844726563
0.874023438
0.922851563
0.971679688
1.015625
1.064453125
1.103515625
1.137695313
1.162109375
1.166992188
1.162109375
1.15234375
1.142578125
1.127929688
1.108398438
1.088867188
1.07421875
1.064453125
1.0546875
1.044921875
1.040039063
1.040039063
1.03515625
1.025390625
1.030273438
1.030273438
1.030273438
1.030273438
1.044921875
1.049804688
1.098632813
1.196289063
1.333007813
1.54296875
1.782226563
2.041015625
2.319335938
2.543945313
2.739257813
2.875976563
2.797851563
2.822265625
2.783203125
2.685546875
2.573242188
2.426757813
2.270507813
2.114257813
